7223
6548
7419
1267
530
3055
1847
5403
2577
7824
7240
5686
4003
6980
4598
7885
262
782
2990
7956
3265
2924
1702
2307
2350
3612
2007
1671
4952
2728
1532
4175
2029
1704
5442
2560
4759
7289
716
89
7867
709
6530
4623
7689
3127
4507
7952
4663
250
7907
7928
3928
1608
2988
6279
5974
5749
7950
2926
476
1481
7101
2506
3939
5296
5820
698
5339
7290
1541
5205
7999
824
1827
7688
4705
7088
392
2121
92
298
2803
4020
2661
5791
2298
634
4294
3002
4314
5524
5237
3414
783
1176
710
7357
2628
6049
6646
4169
4007
6645
4994
6588
7086
2452
6429
7478
4574
6521
529
7377
2541
3944
5921
4839
5333
2214
594
1646
492
5832
5061
2029
7008
6525
1386
1635
4573
31
6558
1333
6676
4305
7921
6515
6758
6349
5992
3331
4870
7276
2707
7411
3219
1381
5003
1305
4350
6352
2952
4842
4183
766
6871
3190
7291
1010
5579
4617
1042
4136
5950
471
1195
5870
6987
7953
4972
5732
4037
1841
5007
7498
2005
980
878
7763
3039
5228
6114
5991
2823
3050
7511
2448
6240
6801
3458
4572
3417
5254
1461
2120
5726
2656
7990
5466
3362
4962
3197
7399
7557
958
6896
2316
2692
528
2078
5731
6510
945
4476
1333
3995
3986
4535
2988
3541
7993
7560
6958
6001
1774
1078
3726
4431
1821
1945
546
7537
5142
7946
7094
6854
7595
1409
1545
122
4241
30
6633
5940
4506
719
1934
1245
5254
4922
4786
6000
5235
4498
4754
7009
6330
479
4193
904
3178
5494
441
320
5439
288
7928
5787
2451
2227
6664
7446
2257
6050
5385
7517
6769
7319
1515
4776
4994
6302
3529
2228
3553
283
1990
1882
1516
6938
3540
4695
4431
3981
5769
2623
5023
5696
409
7474
7923
7073
6919
2933
5876
4303
2449
4644
4375
4719
2173
1368
3020
6457
4350
7327
6740
7095
1962
1009
6786
5502
6458
3216
2237
4226
6593
7260
2676
7002
6734
3352
6829
6406
6286
4704
2709
1488
2102
7838
6207
5029
1206
1980
3485
6310
1306
2978
5404
3268
4742
4189
1524
3199
158
3761
179
6751
3020
2855
6507
2507
6961
6089
913
6000
3546
4376
7489
6402
4213
6449
3431
6173
1183
7670
4483
3243
2648
2640
7266
7390
6830
789
3342
7742
4550
3521
6493
323
7130
5753
2831
6845
3841
3744
4844
140
873
5086
6543
5840
3535
1973
4013
4718
1642
1249
714
5044
3889
7980
5187
2718
768
529
2460
6072
4804
1706
6396
3934
7459
1226
2778
4053
5724
375
4193
7351
5462
2735
5190
996
5462
1956
6468
7859
3205
7936
4902
7095
7916
2843
2566
683
4126
5780
7510
929
7486
5905
5617
7698
7885
1148
4504
6362
1524
1451
5712
6986
4186
3655
735
2402
5612
7957
2260
816
7892
7916
7911
7807
3512
3231
1244
7638
1010
753
567
1250
7412
6938
1701
49
86
6206
6411
2364
7657
4876
2103
4596
530
2838
7752
6896
3548
2011
7713
4193
2681
376
4000
6193
3607
5998
6585
5372
7505
7152
6622
7670
6089
1076
7719
6929
35
6883
1292
7692
3758
3395
5042
5042
6987
4793
3938
3288
7559
3650
7482
2993
4780
4235
1939
1141
2232
523
6513
2490
7675
5888
2159
6518
6964
2631
6200
7000
1513
246
7445
5271
4395
5240
3066
4136
2033
7004
7424
2345
3407
6905
5338
187
3139
7277
2082
6125
7801
594
1368
228
7236
4281
7500
6199
6912
6454
5952
424
6700
5397
6449
3094
3390
1515
7984
5423
1272
7408
521
5434
7066
5859
6375
2959
5890
456
1083
5690
1050
3206
6672
285
7487
6172
7238
6399
4625
5190
7577
4078
3340
6026
7926
7484
294
7910
4907
2320
70
6182
7754
7136
4041
6128
2094
1930
7338
3932
373
387
7138
7045
1426
6624
5970
1418
5776
3348
7362
5353
179
3455
4132
105
2938
5180
768
598
7500
838
6781
7
7974
2821
6889
2068
5505
6227
6000
6632
7368
5891
5676
1548
4514
4400
2966
2290
501
3081
396
681
6536
4528
786
1473
1707
2308
2072
1960
3146
852
2721
3119
4427
2364
5941
2685
1344
4694
1316
1465
2584
7746
3013
7099
4145
6733
2142
5401
1813
2538
6082
348
7820
7622
2576
1526
1929
5402
4240
5075
6254
7716
947
3434
2079
6889
6119
4177
3582
188
5642
6921
7934
1409
6019
4833
141
914
2233
2709
3452
1068
3811
4025
689
6387
6305
3372
3788
2544
1200
2795
3013
2147
6983
5846
1789
5855
2022
6126
6043
7665
5046
6731
1073
3818
4317
1968
4732
6550
4677
937
371
488
4962
1814
6875
3266
5186
3417
6564
7140
6212
1577
1286
5195
7423
3076
3803
1445
1955
1846
1863
7001
1330
2936
2818
5647
5658
7550
4196
2335
1240
5321
2823
6202
7135
2451
2221
5074
5868
784
4213
4834
2361
6253
2782
2538
2082
6585
4737
4037
1184
6600
3037
2514
2289
5855
160
7947
6158
5110
3035
7398
2430
5858
6353
2318
1063
573
7392
6931
1358
4358
4518
4473
2611
7300
7011
5447
6639
3747
1484
7823
3100
5275
2337
6143
3130
3251
6090
2041
361
1124
2193
3545
7737
545
5864
799
1873
6009
483
3231
3121
5756
457
5732
5809
222
3178
4447
4723
5416
5024
7824
2691
114
5966
6575
3365
4809
615
4480
6688
3562
25
6424
4108
6643
7977
5981
4651
1213
1965
7772
7723
2422
6257
5532
2644
2189
1978
121
7605
7756
7945
3049
7870
6664
1623
3235
3473
2993
7715
2914
6555
493
1337
3416
7136
2067
2150
4541
4034
4115
4312
3757
7292
3323
2042
2689
6266
4020
2810
6624
4530
3508
1673
4399
2172
4050
7634
6399
7043
102
1312
6352
1349
3403
1767
485
6224
3918
5026
2257
786
2091
6768
831
6168
809
3521
4433
5584
7085
3057
2113
2593
5484
6512
5519
1533
6900
3917
576
7756
5229
7682
1104
1385
1448
2343
7609
6120
7369
2619
7661
2214
1387
491
381
2950
4766
4815
533
3851
625
3400
7198
6109
2666
4716
7642
1565
632
971
2074
6615
652
3932
753
2855
6276
361
1728
6398
2980
1388
611
5121
1880
993
71
6646
6562
1358
3250
7187
5513
2447
6049
178
7163
5690
2497
548
7416
4571
7917
821
1256
669
4430
7532
1784
6159
5930
4765
7547
7295
2639
2180
287
3464
826
7603
5577
4830
6789
3089
7278
5591
3267
7194
3281
6518
7743
3450
3842
412
5025
5098
1082
1455
5384
3620
7614
3313
1138
7160
2607
3778
1340
3649
7996
2920
3251
5572
7750
2794
660
7781
384
4681
6975
4419
3198
7471
622
7794
7883
5648
4892
1718
7103
2275
5339
7470
6342
7231
7383
1702
3008
722
5351
3004
4396
1356
1329
4900
4904
2744
4680
6042
7425
3654
3215
3377
3124
3837
3924
3761
2238
815
6233
2094
3844
4325
1563
2185
3556
946
3888
7318
2422
1992
2321
6819
4102
4405
4472
1759
7149
1151
555
7327
5560
3770
3457
1437
360
7382
5198
3353
950
4185
5447
4795
509
7011
7734
4065
710
4375
3383
3132
6368
6458
2704
3223
3616
7176
5737
2764
1081
6292
2845
6641
2061
6302
77
3175
6437
6030
6528
7388
2214
4729
4182
3477
3739
3915
7543
5203
290
3679
1088
7412
2890
3793
3388
6507
3722
1124
2024
4803
7416
4869
4197
2230
3171
4275
5406
1607
3058
4687
994
5272
1415
5930
1502
5908
2599
1798
3110
3643
5477
4199
3808
1121
745
7196
7628
5221
320
1651
2778
489
6521
6975
2720
2445
4003
879
4052
7061
5566
5801
5086
7736
4484
6589
6397
7837
386
2261
3479
6618
7214
7287
7739
7959
7237
7366
5179
310
1770
7957
799
290
7686
3519
3489
3688
5152
295
2749
3472
6850
588
3207
3333
7931
2357
3924
317
4618
7403
7689
3831
7444
7427
4543
6680
7546
2476
7744
1315
2432
542
2360
2871
4816
5849
6560
1967
6144
2062
5439
4993
3404
1399
1080
3335
3757
5004
3652
1128
5160
3340
4960
4603
3520
1502
4036
3065
3978
3779
4380
7165
5076
7494
2035
1891
5343
1348
3858
4240
4164
2051
1233
7569
4204
3067
2903
714
70
7309
1843
5984
2648
6803
3341
6922
1058
7377
1986
5791
3910
7120
5709
985
6614
497
3630
3956
1846
7488
195
6010
2292
2182
6332
6497
6003
1234
7211
6827
542
1053
4811
3944
609
151
2865
2422
281
4851
212
4945
3971
6675
5930
3338
7172
2313
7294
1017
1801
242
7782
4847
3179
6113
3343
1181
101
3308
762
643
5115
5573
4588
6479
6478
206
900
6759
5058
1866
3704
1782
540
2387
5874
465
4701
5167
2237
7256
6163
2018
4102
2095
884
199
4031
985
3507
4793
2383
1375
3119
7725
7854
1596
7931
1507
354
5742
4127
4812
277
5421
7954
6151
5887
4654
4071
123
4663
2988
2895
764
5083
3779
1717
1867
5519
5978
7414
655
7354
2532
379
7961
4128
309
2222
5237
6806
6349
2802
7083
3770
2755
5234
2410
162
2058
2533
4825
5046
5428
6344
2883
1960
814
4750
7479
6793
4918
133
6900
7450
1266
6860
4332
2330
1835
2322
1135
184
5124
971
4708
633
6959
7118
1549
1017
1650
6375
6063
7832
5472
1699
1791
6286
7204
1270
5078
4121
2157
4731
3570
3424
3591
655
6508
5426
2977
7643
6364
855
613
3071
2242
7573
2942
3791
589
4592
2165
7406
4423
390
1859
6215
6677
1062
238
4508
5183
3149
1239
1506
7327
5584
2162
5834
3763
5893
6230
2127
7502
6844
5952
1743
6416
894
5535
7759
6240
453
7918
2663
1598
1776
1631
274
2838
2623
5536
774
6526
6775
2281
5853
5112
5197
4440
875
3089
2670
3002
2591
1513
1707
5088
682
2601
3376
1194
841
4584
1111
4258
6182
3642
6643
7210
6480
1265
4745
7255
544
3520
2289
6397
1385
7486
3591
2260
3328
6261
6016
5919
527
7724
3761
1963
2324
7137
3157
3919
3720
5022
930
2655
1417
7573
1864
651
1591
6610
659
2136
2883
2948
1286
4268
2433
5631
6529
6515
3891
4544
5188
5172
5021
948
7135
7346
838
3045
4018
5313
821
5703
7968
2992
5275
1832
3643
7621
441
4302
2510
4078
7250
4550
345
2436
2181
7628
951
6826
4926
6139
3998
1946
7841
3886
2045
678
7686
6064
5991
1260
3766
5959
4252
1794
7791
7896
2168
985
4197
5432
5063
4201
1982
6162
7391
4917
5790
341
3742
3469
7234
493
5415
7074
4380
7461
7753
4819
6278
6497
6079
2797
4455
3084
4591
4999
2979
7514
5984
7931
4945
3800
4885
7681
1962
4275
4597
505
4617
339
3974
4604
1586
2142
3678
5966
1602
4184
3538
7880
2680
2370
2676
7136
5455
21
4888
1187
288
2872
1117
5233
7426
6002
5668
2141
2277
2264
2646
7648
3357
7374
4251
4944
1516
682
3663
3872
5620
7202
3752
300
1571
7182
189
7780
7203
5077
967
244
702
2084
5478
128
840
3899
2269
3871
6163
5670
4272
1520
5797
1276
7218
66
1959
2880
3939
332
2835
444
632
4407
7626
821
4186
7583
6653
5907
7827
7355
745
6058
236
1585
1956
2506
6210
873
929
2481
2393
7480
4511
2364
7547
7224
5244
3485
7557
79
3929
188
5240
4308
1764
2179
3890
416
86
4471
524
831
2528
761
3170
5239
4021
1379
6112
5704
4614
1258
5183
1124
3622
4729
348
1619
967
7905
1698
5650
846
7692
1958
2610
1871
6602
3780
2711
3072
5059
3542
5601
5820
7466
2839
2594
1598
950
297
6212
2962
5480
89
6584
2963
1191
202
3930
1095
2655
1580
1942
2346
4292
5306
4971
2893
1840
7682
5966
6899
3977
4320
5472
3442
7159
65
5794
862
1116
4005
3824
7350
4849
3161
2312
6040
4117
6997
7136
6772
1330
1831
1872
5622
7891
7597
514
1730
7279
7234
1382
4009
3553
6854
205
2711
7673
5999
4327
788
2758
904
892
7607
4065
3958
5646
936
2954
4781
7708
4284
7366
2333
2659
10
1930
3928
1740
1962
3161
3877
5971
6715
2730
6930
2179
2403
4929
6507
3945
440
164
4837
46
4984
795
5692
5920
4503
3227
6381
1541
3346
714
4954
3356
2644
881
5851
4606
4043
1727
3330
2757
4457
3014
4936
7614
7943
4196
4313
1136
4361
1903
1182
1344
3452
7628
7264
7956
2854
5644
2250
6955
7112
7204
2310
1755
85
160
7115
4128
2641
3199
7639
7853
6213
5328
7466
6909
1524
3778
44
6639
6436
1226
7983
1887
1607
8000
1842
4462
6397
4846
3416
5509
4050
6480
17
4135
7395
7133
1016
2035
3085
1408
1887
1297
6736
2107
205
259
6639
249
6898
5074
2229
7634
6962
3836
7633
1557
1051
6784
6404
5221
5046
2453
3701
5063
7342
3849
4949
357
5884
33
1765
525
1330
1254
2632
2289
1514
1270
2538
1165
6345
5521
1553
6060
1357
1939
370
2408
722
6774
383
5768
1980
4084
3585
1321
686
533
2432
6570
1321
4951
7849
3405
6206
2480
5695
473
4505
986
2392
3603
6508
3945
1662
7865
5885
2032
3026
7361
1560
4163
5129
3540
246
1467
5616
1686
2754
47
256
4075
5753
104
234
4712
3339
5929
5939
7844
6915
330
3446
6176
5030
5862
6040
2914
647
1820
3028
2207
5983
156
6502
6984
2377
4117
669
5132
4918
1679
1960
2670
2538
2194
7382
6631
876
6074
6474
545
6405
2673
6721
4188
1288
5515
7102
1935
7335
2129
4897
6071
3040
3398
5808
6171
7515
7232
3302
4432
910
6017
7857
4202
964
7992
2832
1841
6066
2059
2386
5224
5486
1860
1411
7528
7375
1266
1463
6709
4149
7114
5534
7943
2511
3341
6114
2025
2572
2169
7211
4237
185
7067
1192
1150
7059
4779
3745
5878
7592
6885
3101
5078
744
4512
5359
119
5778
7576
7582
1926
6689
5115
1869
1199
1210
736
3978
4536
2905
3943
772
3091
3763
2719
4995
2821
7498
739
1452
7089
377
4553
4920
1121
1064
2279
1240
7596
1854
822
2276
1297
6691
4899
2496
7901
5635
7229
4437
1293
3171
5963
4384
7688
681
2132
2509
178
3625
3961
21
4002
1268
4941
5124
2332
7974
6364
2682
2582
7940
4958
3879
6631
2610
6375
6531
244
6357
3721
1537
2281
1684
6676
1969
2365
1561
5232
3298
5187
1946
3319
1942
3214
259
7066
6301
987
6184
1736
3569
6123
7448
7448
5507
2057
6576
4792
3055
4933
512
5346
7968
2196
4775
2690
5316
6337
7922
613
4277
2622
3932
6219
5836
4945
6039
4890
5932
4222
6626
1500
3098
6073
1701
1359
883
277
6151
3938
5964
6663
1284
5931
1613
6059
1375
6929
5149
1296
7542
1425
3918
4227
398
2508
1171
6437
151
7858
3412
6778
2111
7264
5604
3813
622
6488
4844
7527
2425
2807
6190
4463
1491
7803
3276
2866
7485
424
4917
7026
2604
1588
4006
3756
4096
5177
2946
4248
5788
6358
3779
7900
6375
2136
4466
7752
623
1309
7278
3803
4116
6221
265
6361
6777
4295
1227
6261
5474
6898
5286
77
485
1291
4587
4582
7223
7533
1583
5010
6644
6116
5663
5018
251
2128
5523
1629
3437
4801
5432
306
3021
6451
6668
2552
2746
648
812
219
7546
6853
1050
30
143
5637
5366
119
5923
7703
5884
4566
5818
3546
2337
6070
6429
7861
7699
2619
4661
5884
2926
435
4334
2347
2987
7834
2995
4554
806
3294
3406
2610
3324
3549
1000
1444
4423
6923
1146
2306
4242
7719
6606
6580
5788
5788
6440
6240
407
3854
4877
3333
5043
1964
5680
30
1798
1428
5338
3358
4722
743
5969
799
5046
7723
2997
1468
7400
4144
4528
3641
3862
3888
2220
2403
1675
659
1396
2082
4513
7027
5415
1556
990
3848
2340
3542
6030
7678
6901
3505
420
5623
4305
5466
5345
7302
7689
4744
4199
4216
1139
814
103
3359
3971
2533
4019
5367
4615
1285
4393
2784
3595
6138
6632
5935
1679
4662
6366
579
166
7540
6956
5225
5760
5055
5281
5448
2552
2233
2417
3691
3048
3275
7051
7019
5808
3823
5140
3176
5108
2286
5960
1457
423
4592
7392
2103
2007
6512
3436
2927
6805
3146
906
5318
200
6941
3519
3506
1173
5937
7952
4975
1965
7002
3994
526
3578
1887
3702
1439
4173
1662
2896
4597
7008
3042
7454
1014
1553
3643
4695
1111
6789
6355
6430
7743
5295
1948
3249
7223
638
3200
4197
2603
2955
190
3129
7287
2831
7586
725
7005
1247
3622
4355
254
6664
4562
2022
970
204
7471
2081
7748
5826
1264
243
3874
3213
4246
3096
4605
199
7294
7209
3154
237
3091
2440
3069
2676
3920
2827
3923
7542
7936
4931
6959
4497
6953
7929
5455
7178
2763
5956
5003
4028
6200
1630
7995
2445
4727
4599
2645
4020
4561
6553
4257
406
1747
79
3082
5667
2906
7760
5962
3595
5444
4920
91
5151
4848
6301
4328
364
4256
2084
5146
2455
3714
5140
5655
440
2493
299
5214
7808
7606
2225
213
1352
2304
3296
7773
5965
3809
5734
1559
1252
2653
2405
6403
254
1459
3484
1373
5715
5568
6519
924
1282
4413
6579
2476
7660
7632
7691
7467
7991
1915
7681
1343
4973
3730
1115
3691
7539
7604
6005
1544
3010
409
7948
3265
1868
4185
4638
336
1753
3910
1260
3789
322
592
6265
7982
977
6709
7449
968
623
7129
3065
6351
2858
4934
2041
3150
4537
799
4694
7548
1208
5395
3566
3830
1580
203
4167
4087
4867
6181
7876
5190
7528
6140
5171
504
5603
5373
1472
6980
5255
5291
5330
866
2225
125
4016
6762
924
1464
7063
2887
7613
2628
6717
1946
3585
3637
6033
452
1818
6662
5642
2099
5556
3566
2603
3158
1693
4830
2137
6948
2120
7468
7815
5099
346
4584
3861
1270
6802
2923
4911
6415
6306
3628
360
1890
18
7148
2342
2590
5809
7984
4689
3364
4304
46
6522
5997
4876
659
5698
7750
880
6266
4849
1226
2850
1463
3250
2405
5140
161
1573
3445
4543
2688
5336
5315
1835
7678
7906
397
415
5348
3762
5473
5394
3037
4223
3023
4450
1920
3527
5330
186
1129
7310
3790
2592
3314
6949
7732
4229
522
3931
1525
3210
1266
6840
5045
1697
7499
6196
2866
4847
2711
1092
2240
5749
5315
6018
2952
7236
1544
1036
175
2673
345
4719
6019
4413
3667
6504
641
4189
2434
2920
152
4454
1760
5197
6152
2012
4147
1771
6859
6858
2864
1853
4606
178
7871
7559
167
2168
594
1096
5595
1693
6569
3613
6861
2236
2116
255
7179
4551
3176
7332
1004
5690
5282
7910
7702
1428
2435
6561
286
5299
1167
5646
6231
1791
5958
7153
4713
7306
248
2307
1753
6818
5920
613
1807
789
868
1739
6094
4044
1070
7853
1733
6353
7762
2189
534
2196
749
1574
248
2670
7221
6480
5215
5932
5632
1927
5238
6634
4234
6991
6205
2907
357
765
3696
1225
2505
1790
6024
3575
2396
7757
2681
2157
1945
3216
5108
3448
4790
5356
6872
4764
4589
4086
2696
2220
6013
687
1608
3000
431
7813
5907
788
578
2357
2013
3837
4901
36
7412
7297
547
2847
2207
3246
6063
7315
7449
3606
5425
6320
1124
2013
2406
4574
4988
1172
6015
7350
4173
6446
7916
2833
7234
1247
5944
2000
5084
3598
2791
4496
3648
4092
7343
5856
7338
6159
5924
6786
2518
4102
5106
3642
6116
265
969
3857
1437
6984
3206
6364
5429
3121
1951
5416
4369
648
170
1452
4247
2961
6702
7895
7053
6798
6504
7144
4956
5182
5930
228
1283
3789
3870
152
4054
5594
4763
6245
4577
7969
5363
2760
3844
67
929
966
715
1099
3172
5716
4814
1874
6365
3866
671
5622
3764
6382
2803
2447
6610
4841
6236
3233
4993
3043
826
1756
2041
6158
2478
7404
1671
7076
224
2600
41
1694
3700
3214
7410
513
5088
5774
5134
6513
3396
897
5648
6953
3344
4257
3793
2333
244
1540
5376
1070
3296
7417
7982
6528
7575
1652
5604
552
4253
5645
2246
706
1612
1656
1219
7454
183
7107
5967
4333
3
3614
3286
4101
625
7833
6434
869
1372
4563
2693
4668
4734
2675
3950
5062
5081
1553
5614
2087
7952
7861
2793
1564
1516
4767
1017
2453
3873
7738
6787
4631
4106
2826
1485
4731
2658
673
6354
4031
5236
1046
1452
1969
4475
5402
7031
2310
6955
5399
4397
7661
5259
7945
1224
7529
4711
2995
1981
1337
2733
767
6722
7593
3593
207
4323
6252
880
3430
3036
6870
5230
4488
839
1705
1890
623
4769
1598
6776
1165
1258
4034
1109
3236
3562
6574
6986
5544
665
2472
7065
7387
2064
3412
7594
7141
2417
1227
2570
5453
97
7800
1940
1690
2258
3830
2313
7027
5429
1843
192
7441
5877
2055
3431
1439
1383
2416
7737
2048
4888
7555
2188
6952
2966
1782
6092
5383
3009
1415
2835
3106
1214
5530
4796
4227
1359
7864
3253
7542
1706
4199
7737
336
7009
3167
2529
391
5583
2265
3193
3224
1820
6135
2175
5540
7917
1020
2923
3680
2435
6512
7540
4403
4041
5090
629
6155
4953
3883
6450
7413
81
6940
502
7844
2106
3032
988
442
5297
4935
4420
7871
3070
6595
5411
2986
368
1087
7420
2803
352
6960
7207
4394
4049
589
3302
1755
5226
2505
1921
6062
1445
2423
5905
4305
5455
6894
5502
3506
3828
1921
3376
6898
1270
1540
2638
1638
2627
2811
4442
2980
1770
4402
127
6573
5745
4183
327
2971
7442
3002
1032
1640
5426
6937
5946
3634
6584
4201
7140
2412
6876
3270
2063
145
5564
5455
1784
945
266
6980
4679
2790
4135
4806
1363
1879
1742
2444
5604
1183
5447
6636
2824
3626
6327
1523
7260
4910
6478
7154
75
5353
2423
2893
5499
740
347
36
1685
613
7770
6364
3404
3904
3923
5521
6537
5665
7965
4141
7603
5411
3530
3180
1790
1856
5457
1050
7521
3934
203
7596
1286
3380
2488
7539
4120
3590
7575
6560
4957
97
4923
1114
4001
846
6635
3292
6511
6600
186
6867
4764
3716
2046
6555
6327
7503
358
5847
4190
561
6196
5477
4695
1438
5769
1568
5028
5344
127
1984
5441
5805
3099
2196
6651
1733
6242
5915
1086
6428
4782
5851
2897
7582
5159
1223
7839
5517
7824
4028
6832
6774
1504
4280
211
7274
6602
5993
5371
7484
7977
3565
5288
3829
6515
3938
6317
4756
1852
156
3937
7388
6761
6835
6970
3919
811
6808
1435
1389
2835
1020
162
5094
5300
1127
5121
3902
7120
3245
3385
7850
7564
672
3679
6079
5364
2749
3588
7970
2905
7526
7358
1666
7114
7081
5585
7925
6642
7775
1313
1476
794
2229
7324
6095
3356
5198
2750
3229
442
6135
3079
6
7561
7512
6839
4924
2260
2426
4893
5165
2705
5004
7585
1818
4084
5170
1743
2725
5698
3810
4956
7246
6794
5033
6094
2149
2231
843
6133
2673
7732
1211
3433
7292
1476
3025
4969
3736
6206
1862
1654
910
6866
1239
2729
3704
7163
5226
6429
5614
1789
4138
4859
582
1171
2953
3486
3402
4550
1618
6829
4282
3583
3016
3573
5059
6041
542
1548
4246
3158
3956
5157
2777
5949
639
6481
5865
5865
5664
3478
407
1801
1091
990
3726
4044
4476
7128
593
6848
6711
5629
2430
1726
1202
242
7767
2498
1790
4767
6410
6500
2677
1186
4449
3316
7668
2313
1934
6085
6546
2341
639
7637
4085
4366
4434
560
4247
5781
161
2957
3410
2591
5437
5366
3587
5958
617
5377
2724
7027
4631
5401
212
1079
1470
633
4146
3404
7472
3445
6499
111
3081
2584
4477
268
3898
1477
6804
4060
5189
2967
7405
2625
1086
2992
582
1703
1122
4060
1483
5753
2214
2449
7586
3684
3837
3732
7842
3308
7177
7095
4173
3012
2432
1403
4034
6330
2881
2837
3143
69
5804
2548
2694
7644
6294
4031
1346
7416
844
3583
5923
3813
6033
5508
250
1869
1993
846
5931
1924
7941
2104
5690
2372
3507
1723
1455
6388
4561
4599
7211
3118
7901
2659
2762
6194
7444
4862
5609
287
1199
4285
4854
7232
1793
5105
1854
4540
5951
538
6464
5891
2642
4153
1016
6904
6631
2471
6045
3945
7070
5256
7063
6970
7915
2578
5163
7358
194
3526
398
1393
7811
5253
1378
2357
2357
3986
7652
1061
4524
6115
6952
7921
3022
721
6824
1652
3192
4868
5597
2262
2877
5413
1985
3545
745
7903
3656
1693
3428
4055
3840
3992
2061
5218
7104
5172
1203
6755
6233
6481
5623
5938
6401
644
6659
5978
3050
1850
3600
1400
4866
6477
6814
7606
2776
312
7508
6432
2005
3689
3240
5845
434
5301
3816
7538
3226
5773
7046
2212
4253
4669
149
3408
5313
7562
1385
1117
2166
4985
2517
7786
4216
2084
7391
6992
3150
7652
5423
5909
3340
663
3753
4529
6718
322
4066
2698
6095
3112
4910
3102
7781
5060
6510
5847
5375
7895
7718
7541
5634
2235
7327
1849
5073
6717
840
223
7123
7017
6132
2462
433
2639
7745
7152
3715
3811
2603
1810
7677
7513
4912
210
4572
4175
6811
2701
4069
6529
2241
1702
1517
1567
4305
7344
1038
5145
7567
160
4162
6453
3376
5349
1845
3121
4500
5560
7686
7103
123
115
7370
5035
325
4695
1209
7890
7396
6033
6418
1637
488
688
3958
4794
32
4996
2692
352
5910
7608
6805
2040
4957
1403
5915
2210
6964
5600
2067
7087
5715
1436
4876
6794
6131
6839
6683
5527
5625
5855
7164
6114
6543
3875
3661
6575
871
7107
7682
7535
6715
7240
2328
3671
643
242
6635
360
6596
701
200
5064
2137
5076
3857
1022
4669
3294
7303
3047
1148
6466
1914
444
3094
5575
7020
4719
4682
7455
4254
4150
6694
6582
574
7337
7579
7209
450
6174
7911
651
3238
2801
6481
7849
4577
3149
3142
3879
6197
5044
3098
110
5489
6193
6440
5262
2911
3875
4716
7919
24
3409
6501
598
3500
6833
7807
3950
5006
470
4601
997
4026
3082
1600
602
6985
4742
4482
5935
2540
7580
6800
28
5772
5993
6044
1437
1867
2759
1355
2645
6922
609
3997
2421
7442
4557
7126
5202
5028
3726
6199
1807
7562
7799
2409
7301
5295
6891
5235
7835
7225
4788
616
5750
2780
6660
7187
5401
2172
542
799
1093
1151
4796
4269
1347
1353
3394
6549
7135
7874
5501
941
189
5300
3350
7490
3348
2995
5478
3936
2973
3020
5306
722
5800
3965
663
3955
6891
1959
4754
7984
3110
2304
5006
5211
3657
399
3759
2791
1027
1260
4486
1216
7314
7836
1459
2661
3584
6937
7351
7311
1956
4656
787
510
1374
1450
5219
264
3409
1972
1001
7273
5030
6008
4484
686
7161
242
4231
187
2256
716
2157
1569
1306
3616
4984
5644
3307
5088
4955
6017
2497
5742
6527
3871
7946
4499
4889
3354
7226
5891
3380
4255
4652
617
4942
3812
1614
1926
4754
3870
2643
6911
6194
4703
2527
3177
2346
6588
1019
7301
4604
3516
5796
3885
7388
5741
383
5030
1848
7609
2920
5229
3864
7572
5846
1559
4138
7460
3485
891
4084
6882
7802
2277
3584
3082
6208
6685
1669
7227
6739
6274
2743
4535
2158
2884
3029
3295
7914
4878
3658
3588
2860
275
3913
1459
1834
50
1673
6073
1695
5757
5709
2251
787
2046
6087
6995
730
7757
6976
7470
6784
2472
4758
1695
5356
540
5744
6023
6172
1401
2364
1031
1676
6278
3245
4264
7082
5672
2337
777
3428
799
3028
4969
2845
1868
3963
4330
1624
2938
4553
1161
6164
2064
3610
3519
2604
1354
2296
776
2755
4660
2561
5186
3691
6560
1449
2773
4231
4540
3550
412
5339
7332
5381
938
1199
1344
5268
3578
5036
2574
5493
3200
4638
1857
7473
7996
3211
1768
771
6720
7183
4087
3905
2873
2646
5355
5646
6878
1894
1949
7290
7988
2034
4671
925
3988
6769
6947
319
3804
2274
6566
7758
6912
422
7231
6907
4387
1752
432
3861
1688
5273
7766
4562
7919
5874
2961
7550
522
5665
7594
1263
452
5018
2942
5194
3786
2642
5513
343
4916
4833
101
4581
5255
85
3487
2396
2591
4673
6257
4280
1945
6776
1595
2618
5404
5310
2167
6680
3728
1760
7943
4181
6778
3638
1374
3317
6280
7642
3661
3195
5228
4516
7776
3236
5355
4016
5632
7946
689
4642
4979
3388
4172
6574
6006
1575
4638
173
1008
365
2687
1704
4546
2219
5342
6675
5536
3621
7070
1950
6816
4297
6466
7345
7533
3820
3360
5165
4520
4803
2560
1498
945
6732
72
6951
1060
5464
7878
2068
5829
2565
3772
3129
5538
1113
1803
3073
4734
1626
5024
4303
5923
4243
4401
5455
63
515
3373
4583
5318
5934
6835
6263
5419
7661
5968
6480
5124
5845
547
2953
1163
4320
6082
6701
6187
638
2528
3675
2264
7552
731
186
4548
5133
6395
4611
5648
1768
1947
2965
455
1536
1982
5874
1196
7950
4353
6321
6548
5655
1273
7712
1974
7355
7166
914
746
1693
4589
3010
1998
5321
3196
6547
2453
2344
3911
100
4112
6613
3819
5321
148
6555
3195
1344
7258
301
7665
5806
5956
1691
6271
683
1799
5436
1598
2545
7884
6187
5555
1881
4261
1504
427
6714
3849
5093
7568
714
3705
4141
6036
4607
3449
1984
5951
2707
3039
6370
1266
1749
60
290
2432
1860
6480
4784
5159
6363
3725
3468
244
7986
4972
1425
7454
1574
6518
7775
2289
2976
4669
1078
7583
118
3062
6288
3579
6855
4657
5599
603
5471
5889
3790
84
4368
573
5244
3485
4298
711
3729
5038
6437
5908
4491
11
5180
5019
2300
155
1688
3378
492
2560
7194
6780
6139
6802
4190
4491
7406
1660
3133
3195
2499
254
4522
7743
3739
820
1207
221
6612
7644
6130
3102
408
3309
120
2708
4218
2562
6840
4710
5122
6787
3489
4014
6343
432
1258
5748
2093
4391
1696
4592
4646
6218
5088
1138
7792
6295
1360
7157
6692
243
2258
7101
3552
3133
2562
523
6449
2156
5234
3571
1696
1476
338
38
1909
1597
6540
4002
6742
989
1347
3387
7962
6435
5280
7753
5483
7394
6910
4928
7637
1921
4782
3942
5808
98
4465
4257
3008
1698
581
4704
3175
1673
4743
5838
3270
4036
2593
2012
5026
3940
6153
4987
3128
4186
5493
1364
3579
5156
7046
3215
7078
3828
7157
5639
4680
3622
2649
7688
6074
3984
4391
2002
5658
1887
7840
1681
5924
2432
4447
3703
7126
2600
689
2253
6786
6936
4371
2365
4092
3417
6334
3923
7999
6245
1561
4678
2620
4965
4365
693
948
1509
3450
7360
3397
3289
1041
2074
6476
5488
6531
5601
841
7974
608
381
6909
4979
3500
3000
1149
1833
6923
1147
77
1238
5825
2697
6957
2943
4145
7905
4453
7595
18
603
3637
1059
3431
2866
7301
1961
1221
142
1934
1829
523
842
7562
4023
3843
711
6610
3519
1858
7442
5511
437
2892
4467
3380
7037
5126
586
7385
5144
1189
3776
6203
4620
6642
6257
7335
7863
6399
1268
2445
7676
2865
2007
4452
7462
3472
3062
3734
6084
2503
1245
6521
6149
5712
2655
5186
2837
3241
5324
7981
5185
1099
6937
2558
495
5194
1893
357
4346
3915
3557
4022
7534
5564
1227
6995
1789
4289
2729
7873
7546
4728
7148
5695
2439
1802
3634
6031
5797
1711
6765
3735
2811
5702
6294
4060
3649
940
5171
748
4855
727
4770
4389
7045
6752
4137
833
3794
7620
706
3340
4347
7854
1788
7541
2409
6176
5571
959
7887
4335
4695
3451
2790
2988
7511
6439
3928
4682
7188
1536
5409
4711
6679
5208
3462
2816
6041
7257
3189
6747
3350
7537
7354
5892
7077
2516
4067
4647
3476
4707
1735
170
158
4526
3912
422
2964
593
5858
2905
2129
4021
7617
1562
1228
3832
5132
7269
3842
320
6770
7946
7857
6877
5837
7687
1393
2657
4333
4869
7365
6823
5793
276
3348
1704
1452
7066
3051
7311
1971
5934
4085
2341
7496
5313
6927
4627
5335
2769
4948
4104
2714
5558
2981
1305
5245
5128
3962
2331
1996
4080
1153
542
4356
5255
3000
6563
4321
6051
6627
6292
3984
2711
1386
4234
23
312
860
5358
3835
6562
2216
7304
4874
5197
608
2872
2324
5324
5203
5074
1404
7111
6370
6514
4365
1369
5076
1439
173
3702
7731
4911
6413
1870
1144
7190
2937
2759
4548
6772
2074
6764
6829
6948
4714
7437
2573
7792
4761
530
4865
6165
7641
3988
5432
4759
6111
2508
6199
6284
6964
6683
3948
5377
1307
5093
4566
4244
605
1867
3769
3433
1384
2598
3135
6098
2034
5708
5889
7549
6238
3507
6467
6632
7495
3899
3391
5605
7161
2343
4642
6124
1779
590
4254
3086
6437
1574
83
7042
3441
3853
2474
5580
6451
5609
3677
1238
3317
2320
787
2308
5827
7254
940
6076
3906
5085
3680
3066
181
1076
1944
1960
1666
6198
5801
102
7772
5884
7898
3967
1736
3125
1546
940
734
5977
2179
4805
296
2966
7867
6124
2973
806
4199
6880
6645
632
2699
6826
1708
4643
1540
4128
3595
7341
4230
3366
5978
4881
86
468
6
2386
1408
1494
363
3587
6299
659
7307
6165
7537
3034
7726
3735
2667
6370
5122
5366
5950
7584
2763
7490
3712
6358
7584
695
2477
6315
5577
3318
6783
5583
5704
945
7077
6067
5286
6129
7481
5347
5047
7017
380
4772
3506
3047
3896
1381
1166
1845
964
4683
2088
4676
3794
2425
6126
6272
739
3702
2343
276
2038
46
1975
1868
6868
7261
7997
6348
4607
5797
6118
4987
3323
2377
787
7219
3758
2708
1817
4723
144
4659
2152
3939
7084
277
2964
576
4733
5307
852
7525
6107
2827
1392
4974
2842
2142
4075
7449
7940
2193
5190
3262
5324
6731
3234
1082
2192
5051
6559
2337
1709
1464
7030
1546
2496
1993
2122
7229
53
3729
6754
6160
7310
899
3134
2151
3042
7963
2354
3735
2909
7544
6997
233
7028
2230
1315
1220
34
627
4311
1743
2091
3340
3289
5341
6087
6165
4570
6140
1893
4077
4299
1203
5730
186
4108
771
149
6462
4506
3058
6759
4256
3291
5787
7240
5360
7761
7274
6741
4071
1770
832
164
5813
6927
6251
4732
3496
4390
6625
326
1442
581
6057
1629
4690
7582
2532
3905
4842
6344
2664
1851
2389
450
1091
7749
964
1118
7244
5035
3643
829
5953
2209
7756
4203
6941
4006
1346
6320
4332
2788
6901
3142
5171
4344
3478
456
249
1073
6801
2913
2924
1189
4117
4769
1691
5081
6642
1688
2869
3038
2517
821
5247
2273
5778
4942
6279
7124
3261
3364
2665
2915
7261
590
7260
2738
1046
262
4565
600
3175
242
2543
45
5012
4989
5880
4407
6677
748
7445
1194
2323
4691
3467
100
1632
2499
7978
5647
5863
2642
562
5123
3232
575
614
5033
837
5933
5633
4766
6176
930
4811
3187
5919
3444
347
4595
4192
7792
5789
7269
5236
2009
122
7623
4508
99
5269
3125
3495
6585
1001
7482
7160
2370
4514
7997
302
2900
4762
6478
3830
2326
1664
2502
5770
2011
7098
2715
2556
5640
1983
7793
403
2859
168
5665
2958
5437
789
6454
4776
1791
6689
3935
4161
3202
3932
4463
6856
1447
2941
3440
3774
5359
5942
2297
124
5793
5013
3434
4187
7750
3980
4590
2609
4148
3008
6321
2339
3798
5528
7115
6343
4216
3049
3257
171
7735
473
7028
1182
4168
3221
5710
1527
1916
6
2405
463
5019
5839
4650
5523
2573
1993
131
6721
5001
7206
1059
1552
4734
927
648
949
3977
3905
1121
3711
4379
902
5647
546
4877
3356
2827
6793
3363
5986
7256
1135
4579
4659
6658
7152
7406
7543
5872
4407
6749
7686
6713
4236
612
7362
5185
5343
3266
7060
1808
398
7962
7455
1699
4838
3565
5280
4385
6928
3266
3640
816
7845
1053
228
6996
458
7771
5621
5619
7273
6060
5086
3508
6673
4447
1447
4769
466
506
6577
1619
1222
6786
3318
6814
2350
597
3198
2031
3863
7593
2847
4461
645
3829
4210
1857
4354
2585
230
4380
644
5316
7889
70
1762
2089
4840
2982
2595
4170
4601
4571
2955
672
3385
6059
1270
6583
843
5887
6929
4445
2348
327
273
7312
2185
4627
1896
2415
1007
2541
7731
1649
2611
2246
3738
204
5228
7087
4375
2583
3658
83
3255
7043
6143
5279
6379
6986
3166
5308
3430
6268
5635
4458
5579
573
1084
229
2988
2845
3524
3472
4494
6135
6472
985
7094
4454
72
3468
7037
4484
3551
3045
4280
2447
324
2658
2187
3490
7966
6371
2511
6355
2828
843
6928
4667
1072
2670
265
4596
6896
5514
3485
5368
6499
3332
1821
7325
6800
857
4562
3104
3902
841
5552
4980
3500
7739
469
4219
6863
3734
3327
1691
4578
2255
7112
6404
5679
7377
3000
4574
4890
7239
1941
3389
2570
3762
3467
2123
5373
29
5227
2029
870
3532
7009
5124
4024
232
1343
2887
3966
4670
5332
543
7679
4443
6948
6111
3819
2701
2685
709
2693
5380
4852
6017
1896
1072
139
22
1101
6120
2051
2726
1652
1814
7850
5676
2046
1192
562
6012
6617
5894
7310
7049
3090
6257
5160
6910
1711
598
372
4404
5978
5978
3174
7874
7050
3313
7897
151
1432
2701
3631
3838
4515
3480
2268
6561
5427
3584
5327
4797
2232
4636
3845
5322
3646
1004
4985
6111
1602
5357
2514
334
3334
6442
961
3138
1754
857
4043
3940
4313
7674
532
827
3153
2800
142
1333
6384
6223
6130
615
2858
1975
5938
7258
3733
2922
5368
6090
1033
635
6424
5121
7077
7385
258
1584
996
4301
6278
5309
3974
6810
6890
7882
1609
7032
1214
7994
5254
7345
1362
865
2073
7300
876
5806
2976
6244
4649
4009
7633
3072
1129
7463
3211
1388
1046
4207
5689
7325
2269
2417
6888
1158
2298
497
944
3512
1244
6952
3610
3360
571
5683
3414
1447
4243
6390
445
891
3152
77
4718
5035
7541
7929
7177
1340
4889
5620
1418
7158
36
306
1069
2334
1557
2013
6600
2801
1719
2210
6161
2290
646
1574
3737
5643
717
4936
7289
3869
5768
4006
1658
6062
3934
834
7402
822
6454
820
733
7244
1880
1802
2331
3437
3816
931
6238
6289
3895
5152
578
5295
7481
5069
2938
951
2005
2980
5575
7773
6986
7233
5834
3673
66
5989
5249
7275
6809
5982
7272
688
7784
1603
4879
4353
3288
3116
2641
7937
1022
3973
5231
1256
1042
922
2207
3047
4656
7782
3573
3641
7014
1406
7314
7835
7395
4562
7863
6958
3297
7134
399
3835
1490
5279
187
4778
1148
3583
5468
2924
309
2699
4180
1351
4375
6388
5152
1031
6169
724
5426
5937
2884
5494
6525
3033
2809
6387
2744
6107
6274
3143
1941
7765
1175
2882
5296
2324
7219
2764
5248
7529
6217
1428
1633
3345
569
6786
5130
7492
263
2556
5428
3902
49
3952
7689
3612
3092
2432
1718
1366
5575
4413
1884
6751
49
7180
1828
21
1943
7076
7550
159
1257
1937
3505
1826
1476
634
2072
1739
3944
7500
6395
4747
4206
6083
359
7298
514
2831
1417
6844
7999
3301
5594
47
2481
175
822
5178
4
1126
5338
1262
3063
1596
3842
4539
2984
5914
7032
6929
6168
5427
4429
2373
3509
4788
2424
4024
373
4596
3621
371
7897
1214
1172
3131
2143
1994
1063
2147
3874
7155
3409
6937
750
5
3475
4488
5919
2507
4170
4086
7934
599
7213
4196
6141
2391
973
6514
6987
4594
7639
7637
6562
1564
3522
704
4313
4585
2852
186
3739
7015
7124
5243
7020
3352
1730
4939
5859
5901
1778
6546
6500
991
2742
5394
3382
3715
4662
3122
309
5054
2758
7625
6619
6280
329
3685
2864
3181
3871
6603
2949
3748
4599
1969
7101
6330
7662
5713
4230
1439
5013
3483
3184
7755
1630
7320
4223
6292
2441
5286
3346
5200
4911
2718
4233
5994
6403
7098
1174
3027
6454
4877
7530
3807
6846
7384
2136
6507
5850
7120
700
2862
2602
4638
2616
4232
3958
7594
3278
6399
4879
6624
4352
2543
2095
1339
536
1251
1190
2464
4278
397
7342
4561
4204
6941
3944
6340
5448
1794
5459
6902
4656
814
3539
26
5047
250
7620
1078
6650
5252
455
3755
549
2550
5094
1085
3801
6284
4304
832
6682
4399
5394
2885
3339
1337
1979
1540
3885
7438
441
541
252
4735
1321
6053
4985
1694
7131
4388
6946
7586
897
248
2889
6745
2088
6690
5029
6392
7522
4464
2790
4915
102
6883
7007
2835
423
2891
2273
1618
4186
3279
6353
5507
2085
4092
7201
1215
479
6901
1554
1376
7149
4443
121
1236
3886
5904
381
3407
3121
3171
1076
3977
2054
836
6813
3231
3727
1839
4849
7914
5118
3202
6174
7957
7294
6129
1171
526
5029
3479
2657
4177
675
2778
6168
4561
1435
6549
721
4556
2474
2551
1286
5282
3387
98
512
7115
2691
6115
7782
562
2070
6709
518
2117
4837
2443
2644
1865
5922
5301
6797
7351
832
5718
3911
2267
5020
5387
7577
247
7938
1616
5529
3325
1715
6795
3193
4406
4910
3728
4969
6980
3190
6241
1851
27
684
4495
2646
6606
2549
2196
6711
3381
667
2621
6402
5688
761
6732
5935
699
347
4218
4778
2816
3766
724
7977
1429
5206
5699
1163
395
3939
3014
1176
4623
7509
4577
3983
2057
7527
2693
6192
194
6068
5347
6636
6830
4078
5324
282
5179
2295
5814
7996
6062
6538
7972
7491
4497
6424
653
5646
2362
3667
7577
6986
3929
4153
2968
6740
4433
6415
5685
5381
4482
3031
4016
3311
7863
2094
4347
5042
4389
2160
5791
3204
1451
6516
2695
6702
4939
4102
4348
7301
523
3924
7040
5206
830
2761
4700
6017
1175
2384
3398
6412
6170
7414
1722
6032
2261
6824
3827
6651
983
2371
1854
3189
1640
5303
1890
6579
2159
6238
6634
2682
2915
6427
641
4499
1188
5341
2516
3117
7726
5914
1528
6649
6081
4005
5434
342
2828
2015
7747
4565
4386
1600
7754
6027
7658
1644
5359
1816
635
3992
5252
4305
3173
5893
803
4361
3988
4073
231
4467
2740
1760
3115
821
5765
548
1917
1346
2563
1663
5911
7704
3263
5665
6484
3674
62
3842
5490
697
588
3495
5756
3761
1388
6560
875
6130
3386
1106
2596
6127
3620
5711
6948
2138
7013
864
3484
2330
2527
2149
2033
6544
7814
516
2972
629
5112
461
2080
6454
3957
7837
2214
6099
6396
3843
4982
2535
5704
7578
661
1323
5288
7609
3462
5054
1226
7700
7384
4507
1848
1416
3805
2415
2686
6777
3044
7799
7992
5125
7006
4702
4961
1220
3554
4110
5817
535
6645
3520
112
7307
5598
6154
7669
1059
3208
1649
1512
2591
6156
3361
4762
2714
5776
7448
1490
820
8000
1482
6699
7006
6938
3659
979
2492
522
7550
3027
7167
3070
3894
7227
667
2047
7650
2480
6009
1298
3992
600
207
106
6116
2922
5883
5563
5166
7457
6317
7402
6155
6076
6340
2567
7809
831
3089
7358
4612
2255
3181
505
2236
3848
3307
1885
7082
1315
3183
3828
2669
4144
3934
784
7066
1816
7102
4232
2026
6172
4387
180
4247
2726
2747
4055
4311
5836
4166
923
845
7348
2182
3835
3195
5489
5720
3031
7559
1656
6859
2227
5800
2792
3766
5620
5363
2867
1851
7389
1038
6238
323
6039
1718
3824
2093
6029
1660
6259
7706
3259
5606
2642
7094
1555
884
5567
5340
442
7223
4952
3424
5022
497
7190
2641
5860
2056
5246
6003
3848
4238
7080
1886
6710
2903
3979
4738
4563
2991
5198
575
1351
7840
422
3660
723
5989
1753
1920
5211
6705
5344
2987
7202
4533
6382
5816
6589
4382
3818
3190
1373
2897
5076
82
5800
1808
5574
3117
4799
2771
4446
6904
3364
4869
3317
4088
2857
5070
6008
822
3774
3351
4563
2976
637
3698
791
7980
79
5363
3169
2206
1013
244
2288
7567
2052
7863
3437
7605
3387
7884
7263
7506
4752
2579
3593
362
7650
2354
1938
4177
6459
7255
7907
7850
2953
1451
7829
3786
6814
2997
5993
580
3241
280
147
5293
896
3584
5651
5038
3467
4913
4543
972
7493
889
2089
7896
3997
4781
4072
3209
4036
4733
3058
6989
6184
2886
2774
4998
5883
766
6332
1877
1801
6479
7924
3451
2817
5574
1242
6284
3241
6539
10
2733
7428
2853
3382
4178
7634
207
7387
3669
4940
3198
3411
3124
6838
6186
875
5474
7706
7207
7351
2260
5686
7274
6466
1256
5602
7708
293
842
7001
303
4329
6428
3910
464
3360
3544
671
3500
7967
6366
6699
3378
1489
5536
2317
3118
3010
2776
2324
3114
5037
763
3142
4256
2019
743
4717
2313
2339
3717
3370
6668
2899
7281
7132
6259
3578
556
1758
3544
6922
456
7676
1164
6747
1992
4282
2510
4769
7361
5624
2559
123
765
6815
2897
2262
4285
5964
4601
2
1333
4022
2901
1367
3907
1159
4945
4464
3671
489
4139
4882
164
5304
3628
2911
2339
6892
7680
1699
4515
2992
2577
6035
1806
5474
1050
6845
3437
5652
6847
5524
2427
1747
6892
6335
3660
3836
3552
85
5079
444
4967
5998
6502
1348
908
841
239
1341
2540
5508
4333
5871
3542
6893
3344
5347
5737
7535
2998
5338
5059
6179
7839
3950
4513
4253
539
818
4338
6373
1263
2058
4370
7765
3406
6032
1359
4399
126
4654
1906
5213
2524
6203
4859
5869
3549
3349
6157
7301
686
3215
5479
525
7919
2746
4778
1212
3564
1869
7585
5581
3927
4708
6100
7333
3493
7459
3731
3619
4112
6391
1585
6637
4593
6444
5259
141
1792
3415
195
2479
7385
5675
3758
7303
420
535
514
4738
3158
852
3073
7085
5560
1172
7171
1052
1384
2901
5425
5497
1291
7010
4887
6639
6207
2899
7534
8000
6314
7730
2478
5698
5404
6990
5755
6578
278
7023
4069
3436
7876
7142
2520
5435
313
1690
7242
2452
5345
5420
702
7390
5184
5589
6028
3390
1241
5562
3389
7555
6045
6621
6007
3448
5610
3761
2779
5888
2783
6848
1323
3412
5990
4597
1601
7057
6287
842
1508
4385
7016
2210
3775
4199
552
1802
7590
2547
117
3732
2102
6162
3107
862
2363
716
5377
5142
7359
159
3990
1435
4326
1979
6033
5927
1789
5073
7523
4052
1458
6538
6262
5987
3491
7569
7789
3834
2115
660
7566
4971
6822
2672
6587
1939
4143
3963
7081
4255
4123
3070
5690
1202
5803
4476
7129
346
2303
6651
4398
4515
5942
3413
2501
1432
3735
3043
5266
6605
3703
5586
3575
3279
1011
2916
5218
5908
6879
5052
2162
3755
876
606
4957
7433
5836
4085
7779
138
2735
4930
5407
677
343
7908
2863
4078
3705
883
3436
161
6469
7766
4194
7480
2681
2165
5388
1559
7218
303
5315
93
909
2271
279
6746
6357
58
7638
1845
4988
5045
3276
6085
4952
6140
2917
1410
7023
6353
1572
6245
6118
5766
5724
798
7932
3865
2358
7903
4923
7673
7996
5832
2697
274
5331
1053
1086
4969
3653
6829
2013
6929
4913
7719
5822
7830
1129
4844
6937
2701
3088
5054
1220
1566
5853
1905
6185
964
1807
3107
636
2556
1693
3333
3585
7024
5141
5425
3992
793
4253
6005
475
1920
6478
6298
2503
7607
3895
1439
3061
6984
7248
5035
1303
5854
6941
241
6818
1501
4103
207
4812
5796
4294
396
4819
1434
6575
1565
2981
3582
323
3457
6256
6801
2508
758
6407
6403
2952
1467
6140
2953
7257
196
806
6197
438
7624
451
4541
7831
5263
2336
4124
6413
7909
6313
4988
1473
1293
1323
1797
5504
7579
597
11
1090
7759
7169
4042
1979
5308
6995
1235
5505
7801
185
5943
177
637
3237
7
6654
6327
4886
5067
6235
3198
2808
462
5245
4131
3013
2749
4463
4364
3514
5553
4122
2682
2349
6856
7991
2097
90
6249
2652
