215
700
484
696
97
771
311
5
890
621
111
287
170
294
972
579
810
967
325
621
990
731
918
791
785
721
115
321
367
479
821
582
869
304
969
966
74
970
662
655
591
773
632
451
757
603
30
567
259
45
878
249
777
796
39
251
206
846
572
263
324
82
536
883
387
504
849
461
163
510
806
754
973
437
896
729
731
926
986
990
661
864
238
437
349
969
379
555
814
641
819
828
724
44
710
110
548
248
261
711
448
758
155
420
194
50
149
925
666
134
915
16
998
843
454
346
501
523
592
314
163
100
832
577
144
542
377
382
790
639
783
929
396
938
348
280
678
497
896
33
322
500
50
9
342
194
356
534
407
638
848
570
428
370
838
572
912
214
644
391
543
426
319
629
54
668
910
422
855
805
456
867
995
196
877
26
80
923
560
487
560
98
747
988
468
584
249
69
799
893
460
31
8
470
661
62
828
570
175
372
64
631
239
749
517
115
775
597
37
335
83
287
433
520
965
901
104
213
970
593
796
119
624
494
279
284
247
106
544
422
479
298
743
408
46
259
523
822
546
250
847
319
537
279
839
501
870
943
404
529
225
199
648
850
693
928
824
630
724
368
51
893
356
794
300
93
743
823
915
288
72
761
607
299
730
446
800
599
78
203
818
304
92
465
844
476
82
357
105
497
725
157
389
772
641
690
865
384
202
469
362
966
920
970
264
649
105
755
938
874
958
755
868
741
910
401
216
683
759
11
870
173
859
258
945
500
638
499
884
531
968
245
496
887
905
450
225
700
895
853
574
853
297
131
283
898
533
189
580
291
200
139
464
59
397
99
249
726
598
132
256
566
67
442
142
663
582
58
362
477
911
626
19
208
448
302
796
981
491
375
962
381
204
115
440
601
214
689
16
503
511
272
759
269
404
901
622
987
649
674
463
250
991
172
148
438
474
944
108
655
8
69
35
212
875
166
813
89
545
520
282
747
792
40
706
887
631
327
873
280
0
25
530
991
197
678
118
361
621
226
15
319
986
741
531
861
597
33
640
142
553
922
579
345
962
284
922
282
611
794
562
301
509
782
983
706
149
100
66
460
327
772
779
312
512
309
172
109
343
502
942
896
423
520
931
74
804
542
357
104
335
609
95
844
391
77
239
230
178
305
691
505
767
469
817
279
469
680
78
502
181
19
87
295
229
18
369
32
560
416
827
586
25
922
119
106
1000
359
336
177
354
26
372
121
186
188
90
655
558
168
156
430
878
243
415
106
952
474
829
202
891
345
478
606
266
597
712
956
646
738
823
691
455
194
502
331
383
592
676
631
450
832
751
17
765
165
123
407
640
642
299
530
987
467
826
943
754
537
589
400
965
411
781
419
606
282
440
679
874
115
309
13
637
60
30
92
916
844
499
555
175
488
84
852
955
600
794
708
136
382
798
792
794
578
901
399
860
341
768
423
456
76
126
93
827
156
185
743
690
374
297
865
552
72
716
196
672
200
904
499
272
392
981
756
660
881
845
520
912
612
633
58
689
760
842
205
606
26
948
296
90
936
851
332
698
257
528
59
147
431
248
419
513
228
175
173
800
710
383
401
322
15
459
10
775
300
906
71
16
544
57
797
479
908
128
867
855
656
616
692
87
865
802
290
783
667
463
582
376
846
984
698
862
442
398
326
433
304
87
449
848
144
246
16
743
374
573
287
30
188
980
808
52
781
97
836
447
251
107
823
96
781
521
648
914
919
665
346
913
752
795
760
897
731
466
639
796
38
616
826
227
595
323
279
375
420
805
512
361
913
335
458
383
546
796
296
154
460
642
67
903
127
517
489
858
984
818
343
712
433
168
939
28
181
909
93
292
403
606
653
315
941
801
699
486
597
685
640
747
327
397
649
454
915
137
1
588
645
345
299
78
203
238
106
385
837
199
677
239
805
19
245
435
821
634
611
417
318
251
163
645
338
503
789
943
330
481
530
976
516
830
53
409
758
850
484
284
48
851
523
544
871
768
979
691
401
590
107
410
531
961
745
559
153
534
502
484
705
31
149
911
551
893
319
999
742
804
282
480
344
806
23
214
263
693
905
355
973
702
765
193
353
509
442
506
733
944
680
437
666
519
37
216
411
357
906
152
851
187
323
194
683
346
99
947
729
694
301
391
396
756
274
439
264
717
635
688
350
5
124
15
524
853
923
936
209
518
778
750
705
100
634
388
137
733
24
556
427
15
638
513
771
912
642
725
318
276
412
669
281
227
374
496
79
987
121
979
504
899
728
900
690
51
978
517
785
1
72
902
16
