7
3956
179
2877
4320
4950
1195
3665
1669
3423
1836
559
4516
2778
3705
757
4247
4279
2658
4974
2794
4100
1672
4600
4204
576
3001
2880
1649
4750
363
2419
3705
1305
1058
3024
1254
2253
1688
2923
1438
4287
4245
954
2827
2950
1711
2073
2991
4369
2809
1547
4231
243
1146
4198
819
4911
2077
3231
4660
3203
649
3364
4508
1707
2150
762
4723
4601
4448
1161
3887
3693
2115
1713
2405
3826
4549
395
3957
3120
2705
3951
3363
4615
3148
4945
4525
224
3176
4947
4191
4588
4073
3698
1295
1222
4460
1017
822
3908
2941
471
3363
55
2947
767
4644
2495
1925
4364
614
4630
3314
4740
4244
1461
4684
4531
2448
2859
4477
1638
3210
3549
1099
267
533
558
1284
1355
228
4989
2589
4354
43
535
883
450
3030
2808
4814
4407
3201
3127
4146
3207
350
4593
2738
2798
3214
2977
199
1423
2289
1298
1690
2822
2619
3738
4941
3611
3726
2529
2964
4532
3828
3848
4982
2620
2418
4795
2027
618
2921
1935
4589
3271
1527
3089
1832
504
1065
2794
1927
4117
4092
3618
1939
2473
3118
2642
1083
1843
170
4811
1374
4761
4421
2119
2381
2601
1913
170
3983
597
2105
3571
4631
4396
1659
1462
4900
3487
18
2589
2604
4110
1969
305
2346
86
2947
4192
2692
3117
4765
4830
2878
4185
1948
1021
1786
3861
1191
1531
4458
4059
101
4089
3454
2523
1313
4116
1009
1332
2468
4376
1204
4437
4681
3550
4524
2627
3505
2978
1507
3269
2807
147
3217
4755
1168
765
3616
2359
2296
3836
1417
2397
2924
634
4920
0
512
1691
1332
2980
1067
3299
2417
747
2612
2703
3375
1116
680
4882
4385
3488
28
2601
4005
1959
3366
2620
4318
1424
1456
734
3821
142
2131
4503
142
2644
1194
2237
1386
2261
1299
3803
3771
3911
2268
2145
26
3712
2789
173
2962
3580
3538
1966
538
2666
4587
4856
4091
1805
1353
3674
2710
4247
3177
3616
1890
133
1615
3277
2394
2914
2842
1927
1824
873
4836
2613
4585
2624
2787
2546
1967
2087
274
2505
4753
4861
3124
3843
2428
239
2517
138
4486
1456
4517
2139
1589
1131
1178
4746
4046
4020
1672
869
655
1507
4246
239
4895
2032
3548
1861
4119
3823
128
4634
4446
3252
3477
1874
3491
1756
2775
2977
3975
2291
878
563
4185
2056
308
3230
1075
2743
4863
2494
13
4108
2733
4908
1902
2044
2531
1020
1629
2659
653
1074
911
4893
3711
164
2411
2248
3904
1385
301
4782
2711
4487
1837
3782
2716
3676
1525
3341
1169
2301
2448
4665
2971
4350
1708
501
1132
3337
3923
2549
174
596
3204
3885
761
615
1133
4665
2763
1434
209
474
1683
2046
4256
4400
1484
1543
3503
2653
3844
951
3081
1814
1063
4789
3078
2959
3889
2001
507
4826
2597
3711
4473
3358
88
605
3786
2852
2803
3995
3326
248
1803
3344
410
3288
4888
3914
1703
4494
627
4784
1308
1690
335
148
4649
4224
2149
918
4812
509
4630
4284
4630
480
652
3415
3332
4218
3172
2420
4466
738
764
4877
4789
651
3790
1491
907
4417
1275
2215
1869
1610
3127
1518
1596
275
3199
1407
784
3591
690
1177
4072
1342
354
2403
559
3527
4824
788
27
1350
664
4816
2764
4454
1306
3671
4633
3344
1649
1501
716
4776
3019
2312
50
1981
4482
1598
571
935
2775
4643
3040
3892
2809
4363
2418
2632
150
3208
4745
814
3023
2508
1030
92
1941
662
4199
3590
2163
4916
3365
945
2227
4179
2926
2472
1539
3497
4170
76
3903
2209
3968
1711
1571
2149
105
2484
356
4850
4061
4143
3120
90
4998
60
1515
4196
3651
3679
4111
2015
386
2101
1956
3312
4573
3495
2571
3742
4334
1473
1713
3302
3184
4048
1213
3289
1531
2332
3901
1355
1474
2020
1445
1471
2081
3724
1430
731
2402
540
3509
3551
3404
465
2625
2976
4723
195
2480
4057
2432
4957
3121
615
4004
4334
4668
1297
2428
3568
2652
3903
588
4861
1136
2669
3584
3329
3400
1748
3870
2671
298
2273
3136
2923
1012
3622
3881
4255
3441
1312
4211
2324
2691
3977
2420
2358
274
4848
925
2926
3750
2276
2786
649
4945
2132
3978
4107
3880
3610
1778
4178
1646
676
2863
2658
60
1744
2675
3501
3056
2649
824
746
1625
3244
3867
2662
3092
4793
1351
2604
2831
4137
4016
2776
2032
2994
2645
911
2366
185
89
4012
862
3715
1669
922
458
107
186
4278
2756
1010
786
4381
4255
416
2043
3109
971
3394
712
3802
3293
4729
2340
324
3485
4986
1999
850
170
2088
4863
1795
1565
2294
2718
2787
2401
2904
2827
156
4677
3613
300
4694
4029
3106
2802
762
1499
4278
4565
554
4769
1904
1642
4016
1889
3641
628
2823
1491
1253
4618
3056
3548
3098
842
1711
1764
3669
2631
1441
3045
2931
1897
2836
1036
4700
3599
3298
4740
3163
4615
270
829
1256
48
2719
659
676
1304
2150
2693
921
969
1240
4020
1811
2951
783
1243
1344
2987
50
4275
4885
3649
1073
346
2247
4371
848
1172
3986
1881
2765
1004
1929
1246
1664
3368
2550
3814
1060
3471
545
3063
3253
2357
1777
4800
4363
3121
2786
175
3159
3433
3824
4232
3779
1834
3603
4627
3006
3351
2270
770
117
4199
2016
2544
3330
328
2121
152
3800
2666
3216
2815
22
755
2614
147
3876
1163
322
2034
4596
4910
1266
4138
1743
631
3764
4749
4745
1797
1282
624
995
4061
3169
87
4390
289
240
3952
2955
4219
2529
3741
4974
143
3888
3849
2069
4974
1646
1664
4883
3675
801
1625
68
328
2136
4813
2125
4181
436
3883
4005
4368
4734
3394
4657
4974
3108
2612
4955
636
2115
4928
1542
1765
4539
3611
1738
1947
1038
2383
621
2602
4771
689
3693
1907
1264
1580
1850
2464
1226
854
1831
959
10
2251
1695
3118
625
1649
4518
2740
2339
1059
4505
1877
433
2006
4588
2234
4389
208
4836
4160
1661
4292
1829
2925
871
3679
1151
2097
296
3746
3056
306
996
513
4188
1621
2162
3705
123
4501
526
4628
2141
959
2396
1728
3193
1785
2699
3792
1707
4360
3083
4299
3048
4717
3740
4962
2577
4036
3707
1395
105
4703
1909
4293
2086
4834
2997
2209
4335
3523
2600
2238
245
4996
4729
4201
2543
2427
3755
12
2550
1837
4311
1360
2317
3814
1321
4894
3612
28
1288
3717
4731
3960
3009
1817
3794
1768
4789
3891
291
2388
1128
1299
2384
1619
499
4927
4046
4255
702
2358
1854
12
4481
4934
4589
802
4827
3201
830
1878
1917
1323
1600
689
3903
393
2457
3692
4284
3511
1842
1174
4810
4226
2793
1072
4916
2602
326
617
722
2943
1392
203
2877
981
1005
2703
4182
2598
343
1861
4684
1944
2550
3587
3100
770
3041
2384
4281
4883
4321
4091
4872
2114
925
549
478
1251
1166
1200
4194
3321
1403
2070
4302
3171
536
4246
768
1642
1870
452
3586
182
4802
2449
952
3605
4833
996
4250
4916
849
4884
2792
1774
432
3270
3025
2361
233
2981
682
1636
814
4984
570
2113
4993
1338
3755
1862
2553
3104
2807
3117
552
3760
2484
1147
4756
1734
1062
1367
1617
3855
3141
2813
2887
1165
173
3120
4909
855
519
1485
1602
1089
3598
1594
3190
3116
4219
1506
1219
2025
4623
2534
1547
2870
4444
2065
4604
1268
3432
1983
885
1572
4796
3773
3500
4970
2655
4172
1587
3174
656
3189
25
4255
545
3216
2370
4764
484
4352
2552
869
2648
4862
3739
2854
1927
3342
4122
1121
1088
7
2694
1646
4543
1956
2378
2197
1127
3966
1134
1784
2917
1159
1801
3463
137
4934
3989
621
4285
2303
2254
2695
2165
992
548
4855
97
4670
975
1185
439
4432
3594
4982
1388
972
2179
3278
4938
3313
824
2854
234
2625
2079
1135
2558
1068
2519
2605
4134
4773
1062
1298
765
1610
1915
862
2043
2891
2810
2482
3085
1403
3227
235
3138
405
3514
3075
4481
4338
1692
477
2726
4534
1612
283
1364
4132
2889
498
4667
3951
2559
431
1324
4475
2056
4130
3128
628
1611
1975
2795
4838
2211
932
1005
1487
4771
1248
1587
2225
1726
4313
1758
4101
359
3123
3232
4011
4384
2899
3724
1942
4093
47
2179
1912
4177
1069
2540
1551
3045
334
2151
1018
1267
3920
3268
1800
930
4855
4025
2656
4931
782
1757
289
4668
751
62
4051
4413
3786
1756
4269
4597
4698
1180
4536
767
3720
1849
4575
4818
4001
1355
1847
3683
385
3647
4613
1002
2671
3032
932
4216
551
1984
3884
1302
2046
3697
1478
1595
452
746
1191
150
1926
726
1680
645
2576
2017
1225
2339
4135
3072
1784
4520
1718
1396
521
151
190
1454
4368
741
4201
3251
2044
2010
1947
3522
3605
3163
4268
4796
4076
1956
1284
755
2601
4623
3535
4590
1961
2669
2661
4508
2951
142
1667
3472
293
1857
688
423
2599
652
4437
405
2662
1384
4690
1266
309
4720
1824
4385
1675
3871
902
38
3494
4437
4628
1217
2868
3052
725
818
3957
3155
52
4250
11
741
436
3373
1393
4873
3778
4818
2019
4230
1846
2328
3949
3670
1712
623
3303
2614
662
1796
2813
1052
3777
680
4104
4502
2261
3060
3419
2314
3073
3430
3818
4272
1803
973
4144
1343
790
1163
573
2636
3491
4522
2068
966
908
370
3580
2333
2930
1393
4148
1706
2836
3252
1970
860
2074
388
3937
909
4581
3517
180
1383
4490
87
3490
279
2013
4063
3678
1266
4347
745
2232
1017
1878
812
4113
4808
2968
3261
2276
1566
2275
4246
2426
4349
396
2125
1021
4978
641
1964
2123
130
2814
612
1172
4827
437
612
1093
547
1357
3325
2327
3999
4900
1440
4569
2867
4701
1845
4434
1975
1853
2622
2086
3013
4748
3870
2990
1151
834
875
1282
3648
1488
3217
3475
2688
3830
330
3998
949
3655
1325
4948
3555
2765
4517
2184
3228
2124
1617
202
4740
2
3051
2752
512
1921
1504
1663
2755
2380
3708
2165
3868
1925
1402
2318
754
1732
1316
1703
387
3404
2414
4705
1168
2693
1888
4396
579
4269
360
318
4271
3411
3071
545
331
4575
2208
3849
1954
916
1014
1584
3604
2416
4666
4358
4149
981
1823
298
147
5000
2
1315
2692
1890
1473
3271
1921
1833
3590
1191
1006
2423
2499
1338
2760
4708
186
477
1386
1963
2824
4990
142
2489
109
4291
4233
2695
351
4380
2695
1116
1457
386
3769
2930
4421
690
525
3773
2644
1532
1195
143
3633
4718
613
4582
194
1999
2308
3019
2751
2450
507
3623
2503
4741
1317
2854
4883
4775
3970
1340
924
2738
4270
344
3428
558
4117
1072
2853
1074
1978
2248
791
2591
1829
986
4590
4900
4005
3103
2349
274
1725
4852
777
3805
3468
660
4343
2437
2000
266
938
2032
1373
128
2590
489
1963
442
2326
3941
2690
3117
1531
282
4866
1883
944
4633
4986
3294
4908
2473
3908
1447
2041
2376
2107
1383
575
4870
2412
2276
1902
3785
2405
4492
36
130
697
2362
4072
4150
1241
602
194
1107
3249
1139
739
3234
4433
1409
1470
4103
2857
4274
1478
726
1419
2817
596
3831
92
2498
3378
2497
2752
3414
3391
3449
775
2462
2599
2779
3827
2793
3886
2075
4695
388
1072
4127
1797
3305
3993
416
2578
470
1906
3997
3287
2502
3590
3380
5000
1967
1639
3514
380
29
1963
1918
3254
324
4697
2844
3880
4346
4919
3575
4734
1753
3464
2293
57
2456
3473
3398
3690
378
2394
1976
2880
1746
1118
3642
3713
3521
2155
4093
4313
4881
1773
3330
967
1470
1173
4848
815
1854
4185
1311
3608
2648
3604
4428
867
2076
2826
4557
2454
982
2295
1096
2729
4177
4738
2204
2697
2656
1297
2772
2536
3070
1101
3504
302
3037
4114
1880
4892
3298
3191
3499
1708
1795
3689
2575
3871
1514
2131
2088
3260
4427
3184
1751
4366
3685
3955
2825
1340
1014
596
4639
4848
2461
3905
149
497
3781
2030
1151
2078
983
4650
3787
2778
4102
2124
2412
615
4256
262
4638
4445
3446
1388
3810
2893
343
2397
4996
2120
2993
397
1967
1216
4302
2117
2477
3846
4910
3628
1686
892
4041
472
4434
3142
3360
2608
4520
3378
2870
4158
2822
2078
1308
2394
4972
2414
4791
4967
4535
3546
1126
1501
525
1191
4381
3002
36
52
2392
1722
1708
2195
2958
1141
1099
1317
3749
1382
4695
2381
1302
3279
4459
2610
1435
192
787
1988
922
321
533
2048
2585
1058
3239
1966
4823
3275
2018
2978
760
3726
935
3718
629
2035
34
140
3417
491
2521
4719
4533
2743
3091
967
2935
3878
2955
3857
4962
4251
905
2547
309
4907
4513
894
3182
2293
4635
3942
1782
570
3422
2411
2605
4219
3315
1784
4710
835
2265
4242
4341
355
971
2276
4997
3926
1132
4958
3176
2800
2504
4248
2707
2779
905
1651
72
539
1355
2617
1872
4777
790
239
3995
4105
2023
4467
703
4288
4471
43
406
441
2319
402
4367
4215
359
3305
2777
3627
3316
1246
1405
4221
2897
1477
522
14
4857
2395
4791
647
2634
3785
4752
420
4014
454
470
3484
1261
1639
3925
3580
2041
4054
3557
3164
2359
2097
2553
1437
3343
3958
1420
2003
1198
1942
2017
1054
99
2571
1701
3497
2118
1453
3917
1132
2670
149
4616
3931
1789
3541
3274
4593
3357
2593
3519
715
4690
1071
2915
3796
29
4335
1561
1227
2040
3578
3044
2139
1911
4746
1398
4030
1961
1077
161
4631
1227
4777
4325
3779
4080
3361
3371
2437
953
1890
3915
1406
3724
1830
201
3753
1927
1762
742
3967
1102
4550
1869
3014
4295
3267
2043
2018
4345
2967
2411
1334
3506
1735
112
2586
95
4246
785
1812
1898
462
3218
622
3055
4182
137
4983
943
1643
4712
2808
1192
1580
821
1249
610
3627
3267
717
1593
677
2814
99
3176
3689
3448
4034
2934
4996
845
595
457
4826
1980
4276
4007
2117
20
4950
4523
4732
2758
1477
2075
4342
3489
3448
2969
2518
4165
324
3196
1978
1186
2134
666
4634
1167
4363
391
2776
4958
1612
2601
1937
887
1608
4818
907
2320
102
1401
840
1580
3476
945
68
1923
3914
2587
1850
0
1545
3828
1187
4442
256
1583
1371
382
1975
4147
339
4350
2511
3040
236
4119
2857
1906
2201
2959
3307
3042
301
1783
4750
1133
4469
3663
4483
1319
4426
1027
909
612
1231
1929
2196
2602
2311
4934
1749
2650
4283
4260
1452
281
4141
4309
2187
1341
3031
1256
145
4095
3039
4895
227
3271
4320
4710
4590
3746
1499
1261
120
2730
3190
3079
332
500
3012
2844
3914
3057
2103
365
3338
2006
437
1287
4110
4231
2544
18
3325
1345
675
3553
4616
4996
4025
4968
4504
524
1229
4624
4017
181
2703
4349
682
1477
2955
4596
297
57
4961
3635
2826
1160
685
1936
390
3992
1954
3716
336
2629
3031
715
3387
2818
1445
2890
4105
3437
3277
3122
3619
1742
3233
4301
3982
1188
4659
4279
2008
381
3677
4835
1542
4362
1770
2695
3353
4487
2173
4452
2115
966
929
502
3785
2375
4155
3652
811
3194
2536
192
4936
769
255
4681
2720
4914
3959
4728
1058
2635
324
3363
2759
2857
1057
1874
2343
3994
1326
221
4960
2255
723
4507
392
640
3159
1967
3835
694
2159
4533
2226
3178
4213
708
3091
3935
436
4912
1569
1523
3274
91
4381
94
1965
2486
4088
4054
2707
4810
2072
3430
4317
2464
4834
3238
193
3668
4695
2353
3963
2684
530
3176
3392
4384
2110
3828
58
4442
1114
4095
295
494
4189
2261
2980
4039
2077
687
4612
4149
4880
4691
2376
4713
2928
2569
4143
3385
684
3106
1068
1214
2044
4461
1361
4917
4051
1419
120
164
1276
416
1421
1228
3440
4402
266
516
851
640
4666
1493
330
2804
1969
3258
372
1874
1643
1820
742
2711
3797
2786
2934
157
3465
1985
2339
3586
2149
3616
4002
3571
4844
2441
3735
872
2957
348
2276
3385
1841
2606
1188
4573
1627
2324
1447
4033
4144
2952
2506
2940
738
440
3861
4203
2425
1962
2788
4574
1340
2552
3907
1946
4993
2641
3582
3713
2989
857
2860
593
3463
4812
928
89
2135
2375
4122
2041
1090
2391
743
1828
2831
366
1793
255
2329
344
591
4432
2896
4499
1378
3652
2139
722
3127
891
1579
986
1484
804
797
2412
894
3695
550
778
735
1640
3169
2242
4231
1762
2608
1786
2017
699
2130
2609
894
789
2870
3035
203
8
3757
3330
1662
335
78
3146
1139
876
1321
2796
4571
2634
4338
1069
36
3269
4074
29
31
2444
1815
2811
3907
4709
1182
4801
1260
4052
2835
1463
4824
1591
555
1485
2689
633
394
4591
2272
2478
2387
2606
111
2487
4438
910
755
3511
939
1549
954
2754
4361
4861
3225
1305
423
4485
357
3258
947
180
611
2265
2428
3300
3662
2822
3654
933
299
1040
3539
1173
4290
3739
2083
807
2249
3785
2357
3967
2302
2480
4590
526
3785
13
11
4905
4034
1721
847
408
3987
3276
4471
2648
1097
3124
4344
2160
4164
3646
3333
4216
2384
1179
23
4634
4964
2380
3600
2265
622
3952
3555
169
3965
3566
74
3762
286
921
4170
35
4960
3640
2683
1820
1764
2790
3980
1690
1435
3075
906
3819
4254
929
4215
4981
4072
2814
3008
4694
2529
1562
4863
1493
890
699
1017
1940
2384
186
1975
2343
3827
421
4163
1353
3211
3905
3043
4646
1980
4712
4227
1996
640
3442
1976
474
2018
747
167
4547
2309
793
1803
3963
2255
2820
902
4639
3007
2877
2745
2596
3298
2670
4712
2271
2338
3517
2679
4318
3229
1906
2076
4632
347
4053
106
3128
562
1036
2675
3634
2592
4478
2596
4848
3060
3498
248
1829
2138
2993
4425
435
1426
4899
3470
3764
3416
1148
3844
2407
3817
919
2038
4927
734
2907
3055
1296
4707
1492
4931
2298
1732
2526
2145
4792
1787
2394
1621
3925
1149
1808
122
3338
1707
3592
2101
885
503
944
3292
4320
1864
1092
9
2598
4000
3064
4658
3706
4556
4588
1766
1287
2876
3912
1841
4663
2068
3462
3587
3980
270
3710
2318
2740
3064
181
3625
3567
1889
1916
3650
4516
3008
3659
2876
2770
2485
2533
2238
2803
2883
4005
4853
759
3679
1693
421
746
918
4772
488
1951
3481
3569
4691
2307
3751
3315
874
639
993
286
154
4001
4708
3030
2534
2192
1326
4772
757
4209
4539
609
4968
3217
3065
1152
3963
3983
923
214
933
166
3783
1386
2473
2533
4701
4110
3935
1456
4396
4852
457
4866
3645
3754
2820
4971
4288
3577
4942
3827
4949
4910
2043
3014
1824
1769
2759
2747
1983
4456
3676
765
1604
1148
4062
2068
1021
3759
3524
1179
4374
4744
1045
3018
3497
3865
3751
2785
2442
3692
1611
3153
4364
3654
1929
1187
422
451
4697
3168
669
3372
4697
2273
283
4521
4341
1304
3279
2865
2483
3415
2608
4291
1432
1105
3156
945
4653
1360
4638
1263
275
4764
679
2205
951
1865
2656
1410
795
3325
4783
491
1360
828
11
701
2895
4054
3566
1140
2468
1936
431
4664
3041
4350
608
3456
1472
1008
481
1747
772
1161
4715
2486
3789
2370
4659
4584
1457
203
75
2818
1031
849
4282
3926
665
2847
66
3897
545
1260
4323
4350
609
4931
2805
2844
1702
3287
4591
3237
210
4306
1485
3999
2438
1143
4345
4659
1347
182
3239
3141
1032
2520
2067
2460
1129
2896
1356
1674
4919
678
1023
527
1372
3829
3371
3837
2878
3724
2073
3088
3792
3558
2849
1230
4701
2193
888
1810
2376
4890
4952
4171
2409
2781
2393
3538
1439
4513
974
1357
953
1998
2647
2325
1589
1017
1924
4467
503
3997
2554
4296
3317
1165
1288
3781
3358
2939
590
1496
2828
1304
1429
236
4085
3823
4537
523
3335
510
1880
50
3271
4527
3139
4860
1306
62
4326
2573
4060
2642
2631
3139
3807
3919
1919
2928
1857
3273
4424
447
4577
1616
1446
3662
438
982
4948
4536
2255
2591
4586
1289
2880
2724
1148
4950
2787
1237
2522
2609
3879
152
747
3449
4071
2667
1376
1690
939
1562
2137
1278
3178
4346
702
4379
327
650
3914
3345
4004
4263
4634
1883
1986
1545
2595
535
2782
116
3907
2423
1031
4655
871
864
3084
3010
2554
4786
4573
453
1063
3513
561
1766
3655
1651
3179
3331
4997
2945
2593
392
590
342
1937
3186
877
481
4065
4785
2905
96
201
3776
960
3285
2549
4278
3833
2884
493
4896
1396
1055
2424
50
2706
1365
3382
3465
72
1737
3858
663
2079
1557
3849
3720
2039
2913
4267
706
3772
4468
4482
4733
3515
2030
4773
2347
676
265
3005
2073
2083
1192
2886
4790
2557
2030
4017
3393
4531
3637
4056
1609
957
3667
1091
2996
1579
357
3702
351
4825
3946
846
3339
1739
618
1448
2415
1646
4454
250
3730
645
3900
4282
3965
1692
4061
3120
1222
2698
2175
3595
3655
841
4686
2413
3184
43
1877
4298
630
822
906
4733
3324
1524
1180
1502
3933
1396
1752
2662
2804
1414
2706
2532
3107
1767
651
4329
4465
2827
3686
3882
4431
3372
1294
3377
4178
3171
2674
4808
4756
3580
4540
3843
866
1483
344
4800
3642
2859
3224
1446
4274
930
3978
3143
3460
391
2471
3687
3981
1157
2568
3412
291
3862
2551
4469
2795
225
38
3313
4568
4579
2155
1197
1824
3262
996
465
1884
4983
2674
1157
1675
1651
4300
134
2806
2533
3821
1786
4453
1388
960
4744
1012
3512
4975
4570
3737
13
3646
4067
354
1563
263
2178
4826
2022
3406
2472
2005
1080
3629
4443
3494
3691
4578
1299
1986
4161
3086
1439
1312
4046
1945
3087
2557
2683
2657
2056
2696
2065
1886
3050
3628
2149
990
4216
4935
158
1687
2702
1238
1078
2144
495
4769
1721
1794
2518
882
642
3957
2194
451
1664
1043
3771
4347
4463
1590
2042
1527
3476
854
918
1387
2607
133
1321
2766
2584
4023
4767
3662
1167
261
4194
3651
2056
1711
295
3461
1430
3252
3912
3094
4296
2683
3204
3758
4273
1008
285
3511
1863
1203
4898
232
2099
1982
2998
445
1767
2765
4108
2934
3789
4064
2348
844
1537
2643
4306
2967
1658
3980
1823
953
2425
789
473
2460
1798
1521
970
4424
3487
868
4656
586
3613
3417
1031
379
1181
901
4077
4970
727
1424
1577
2264
4830
1645
993
1487
624
3580
3203
3050
4369
4440
509
1166
960
2243
589
4448
3874
245
796
2486
3662
2590
2865
605
4255
1941
1337
4982
4128
3677
3009
4721
321
4002
1970
1709
2581
173
521
1950
4613
1793
3879
1335
4036
4469
782
3672
476
2341
1157
4138
694
4786
505
4949
2489
1842
692
2380
519
3701
2100
1603
2703
4070
4075
1046
4243
4596
3759
4618
2152
2638
1716
1950
2869
2498
622
3345
602
2542
2482
1296
2327
3750
1244
579
1354
1936
2959
2636
1400
58
4240
4866
4128
4077
911
4134
3673
433
4514
1587
3834
1229
3537
1702
4491
4922
46
92
2464
3291
2151
553
2040
4158
1132
3394
1856
4091
1030
3256
4912
1032
3121
4803
108
4796
3936
4544
991
4212
1893
4825
1204
430
1526
694
1114
1572
1549
3578
625
4463
4132
2665
3620
1026
1821
475
117
3614
4495
791
408
3378
593
1280
3173
291
823
4164
4504
3480
3988
707
3910
1276
2164
23
2848
3713
4365
3473
3175
3496
1900
2557
284
4485
3032
401
3098
3289
1956
4270
1667
2549
549
602
2841
2135
4767
2344
614
4517
3814
286
793
977
1073
4404
4690
437
3640
3627
4696
1302
1183
4980
786
4978
1144
4648
3267
3100
3917
696
648
228
1298
4252
2363
1827
2358
2978
1344
1171
4027
2900
2148
99
3066
2600
1299
1705
1989
994
3771
3172
1737
319
3913
2881
4967
2942
1743
4646
3638
3154
4874
4936
2406
3000
1763
4764
1740
3870
935
766
2532
3846
866
597
2209
2165
3066
4198
3923
2599
3133
659
2918
2808
4303
3648
749
1808
3293
4387
4962
3930
84
3130
1929
2610
2894
3669
2242
4592
4435
536
4200
1063
1897
1408
3992
725
606
2914
3324
4502
4336
1241
2309
3638
4889
3058
445
3945
3207
1169
2874
4054
4300
565
1664
2193
4234
4669
2547
4431
205
1746
1257
2102
3918
248
2827
286
3925
1913
4788
3260
3154
2096
1897
3806
916
3105
2750
4886
4274
1386
3939
4336
1951
1365
1528
1947
1797
4838
2140
2002
2347
3397
4867
1264
4408
3456
1550
3332
368
2100
1591
4285
4959
4251
3090
1637
3118
1602
1522
3155
2988
460
2490
701
2589
4782
2648
4386
4619
551
2150
2728
4711
2016
3992
4119
1234
1304
3213
1602
4167
567
886
4125
4818
4740
761
3699
1341
3046
1853
4330
4270
4343
793
1858
4887
3442
2006
4506
4756
4156
2996
4466
1934
1988
3584
3168
4055
1797
532
3985
2364
1418
3109
2944
1157
4634
2405
3262
2679
4258
3354
2711
4364
4147
4569
4250
3351
2337
4518
3106
2255
2514
2572
4189
264
1155
3119
81
3715
3651
4066
1841
69
2938
548
1989
2571
2953
250
1012
2974
3604
3724
2337
2751
4055
2349
1101
2155
1867
4208
4410
143
2542
3599
407
3697
2480
1251
3175
1131
317
778
1963
3255
1326
3952
1588
42
4966
2600
3016
4332
2086
1115
2082
1904
3464
3947
4059
1093
3917
4231
1236
1458
2829
2406
917
1072
3658
4855
2203
3975
633
4166
2992
1959
3880
4580
2764
4608
2942
779
3940
791
1894
1784
2695
358
730
2516
2214
409
1746
4214
2630
338
1619
3548
1410
1039
4165
4376
776
4798
3541
3768
2520
3183
4110
283
2791
2052
1063
1730
2843
3720
3514
1300
4841
7
4579
2055
1179
2087
1268
3810
3188
3650
3120
4598
452
2284
4736
1228
2082
3276
759
364
2222
4869
647
12
2683
2473
2505
1288
1193
1781
3351
1033
2551
2929
3851
3731
779
881
3303
3967
4532
1422
4328
4984
4469
4063
1974
2313
3102
2733
2677
323
3365
4088
1098
1810
2323
3603
3099
3516
1146
2212
312
3698
904
4926
3191
1683
807
1493
1412
1101
3678
739
1084
3909
565
3821
1222
3667
2317
4662
4753
681
3749
850
3254
1835
215
2115
350
1361
4328
1425
58
231
1351
4012
2677
2921
504
4089
4022
4945
4829
868
3854
393
4689
75
4823
2005
499
4575
3449
11
1187
1703
1846
1402
3818
2196
3526
3908
4385
4348
4139
1498
3359
1815
4419
3864
1667
4203
3808
2258
70
2661
3414
4759
3499
3236
2527
3999
3573
975
4010
4760
3441
855
1161
2259
3814
449
1166
3961
4797
1068
458
3156
3646
639
2019
312
4842
1589
2570
674
4251
983
1196
3512
4982
3723
2510
3554
460
2282
4076
3902
3137
999
1923
1951
1449
3852
911
1245
4920
2133
4401
4329
2772
2182
403
3377
3772
3737
4051
3785
4720
246
2296
464
4732
569
4781
192
2851
3857
4094
988
4856
1016
3702
1304
630
375
2550
550
2508
2713
641
1043
4896
1044
182
3667
4781
4996
2451
263
1005
509
727
736
1078
507
1691
3930
126
784
680
4983
2563
4382
1286
3194
519
4599
4507
3791
2312
147
4834
2207
1954
778
873
2498
1536
4087
2761
2541
4596
4251
4041
674
520
731
366
647
1516
1046
629
4842
427
2678
3035
1709
2277
3304
499
4589
4214
1095
1795
1168
1873
3431
4429
3410
2517
2189
1713
2875
2202
753
3549
3485
2248
4678
4132
4527
723
523
4368
1913
3965
3166
3623
1241
1469
4122
1592
1446
217
3387
3377
2853
2580
2805
2025
96
756
3739
2971
2958
254
2283
2205
2502
2723
2100
2028
3447
2623
2159
1122
1587
324
4745
3591
2556
4630
182
4002
609
4332
3141
3462
1911
945
487
2770
1701
4989
1504
421
1005
4550
2627
3508
2272
4727
1298
718
3112
3457
2604
462
4544
3111
4053
2863
2740
4999
2627
3349
4330
768
2574
1241
2476
3824
4011
4178
3812
514
361
4817
63
3751
4087
3099
4240
1148
4580
3115
4605
2183
3577
4912
294
3392
2774
3797
3390
1163
2146
3483
1931
482
4724
4408
4306
4497
4348
3117
774
471
3696
1600
4223
2783
4699
4225
3931
4279
3102
4298
1461
1678
4972
1755
833
3508
1315
4986
4672
3461
3468
1602
4706
3954
1772
4011
3451
1119
2890
4225
1591
1585
1587
1576
130
1286
1563
4824
564
4666
4122
2025
2106
4856
4544
2939
3364
858
3688
3035
81
2155
399
4787
1109
2172
4560
322
4054
2449
309
1407
4797
1896
3746
4928
3182
309
4751
4509
737
4635
1534
2843
4491
1840
1545
3617
3461
232
1651
4305
3150
2813
4854
21
4985
4413
343
4039
1861
1415
445
2420
3312
4955
2347
2256
263
2861
1765
1000
2495
4062
4606
2748
1664
1913
1364
124
2145
3778
4429
1058
1591
4282
1079
1575
4457
2186
1376
2080
3601
2585
4500
2675
2539
1847
694
3565
470
2459
327
2965
2283
4933
1476
3947
1846
2840
4834
4754
2381
24
1574
3972
4306
2654
1309
4525
602
3449
1604
4966
1033
1866
2641
4335
4476
3335
2899
4946
1556
3226
3674
4602
3921
