2629
4945
4189
1562
7916
8025
6187
8326
6474
4426
9749
3189
7097
1024
9569
760
2905
4064
1418
3158
4911
4222
4195
835
6586
7802
7870
1820
5690
2020
5430
9398
6965
698
959
5959
8723
7147
4284
5196
2651
5111
8385
9748
7215
9033
1586
119
4175
3004
4356
9086
8306
9631
1000
4891
7432
9949
7791
3121
1969
4299
3598
12
4997
4557
7051
3719
2782
1334
9995
5433
7525
8379
6259
4739
8490
7845
4858
2665
849
293
2829
233
9924
4908
6203
8434
4857
5072
2633
7905
9372
6231
7917
4368
788
4967
9167
4649
7381
9161
82
4905
8618
6341
722
7108
5265
6659
851
6114
6952
4759
7426
6875
9668
3628
6387
4524
8701
9021
3507
8072
5251
1423
3518
7118
7470
2684
2846
5929
2923
2928
1912
1541
347
2634
9728
5612
9293
1657
2804
6245
6416
1308
4198
6083
4937
585
1685
4716
684
5192
3866
7014
7695
7384
5211
5164
1147
8057
1092
4070
2063
4083
6690
2410
6717
7496
9102
6009
9153
2984
2253
5569
4293
7531
2730
308
9195
4416
5024
9879
9608
8890
7971
8381
7352
3181
3544
9578
1237
5715
4727
3300
9798
1416
6790
7593
9992
6970
3602
9144
1032
6934
5791
6404
5543
8522
6712
4737
4016
2814
5694
4702
2782
3665
3083
134
6846
7706
790
9163
4500
5517
2462
4297
8013
330
2969
8004
8379
6571
8226
9412
3504
4017
5815
9048
3617
3606
4863
7633
6420
557
2334
9203
5301
5417
415
2146
3123
1205
2387
7623
7802
5929
2998
5814
6259
5967
3817
4638
3616
2042
5128
8200
7138
942
8326
754
5627
3188
8387
2047
3745
721
2328
124
7217
3822
2271
1418
6106
5737
119
3907
1665
4197
9721
7925
163
4616
3641
4859
6659
9848
3058
3796
1868
1383
5630
7496
4571
4016
621
9396
5816
2949
9520
3033
7850
2869
4451
3955
8607
5650
8942
1350
9847
9741
353
1088
4357
5073
5947
2094
4920
9005
6969
6789
1466
2598
4284
7117
6615
4905
6512
3509
8933
7110
7621
6782
1058
2072
1815
743
8801
756
2093
8647
497
2447
9735
5933
7520
5682
8027
3519
5765
4995
307
8311
8673
5670
5427
6366
1653
3017
9875
1664
1205
7496
9525
3342
646
1339
4085
9447
3175
7258
8093
3672
783
8906
683
9382
5666
8710
2900
2510
4783
4286
820
3455
1034
6247
9821
3766
342
9696
5430
1547
7191
4954
4890
8916
6294
53
8362
547
7311
7533
4219
9173
6438
4902
8555
3183
4690
2533
5693
9473
7899
6513
2928
8933
3838
2748
2699
4180
3522
8129
6806
712
4162
1695
9628
1534
2828
9068
2081
138
6600
7379
390
4117
3359
8945
7300
8049
2556
2992
8600
454
583
1527
9388
5500
5355
3165
9680
8877
1293
7564
668
6534
9260
295
8068
2087
442
148
3304
8121
7527
3694
2237
885
3717
615
12
6274
4686
8613
7807
6348
1218
7194
1847
6573
1437
2605
5450
2731
169
6118
9265
507
7492
8412
2594
7934
8560
6977
7134
7166
1750
9371
9130
5467
1065
9143
2819
5751
8834
1705
3178
51
9978
5025
6625
1415
7631
3153
4146
7800
9271
4489
9386
7841
2900
3058
6854
2539
34
3987
9705
1784
4436
8834
8331
5501
9055
2228
2331
7888
3933
5509
9019
4990
1612
5643
6405
9243
9875
1629
8121
9145
6118
7506
6985
97
563
3838
2636
1677
8904
3419
4540
3340
3331
3949
8841
2386
6178
1171
1352
1189
7759
370
6179
9372
7092
2583
9693
6966
4212
8893
7189
1409
7477
5253
2585
9120
169
6300
796
9074
9719
5336
2413
4128
9286
1253
6514
6542
3504
8946
8810
2341
9316
4989
1712
7487
8651
2484
5531
3942
1376
2720
6430
8853
7973
9015
7972
9221
6393
9847
8294
7190
5183
706
1317
5547
3039
7832
3167
6543
7856
1976
9963
8250
8044
1675
5736
6695
5238
1267
1715
6614
5066
8145
6545
4117
8238
5596
3337
4630
5442
1631
1819
1703
2337
3136
8329
5376
2046
1495
2997
980
4551
2960
9231
2594
5714
4966
367
2030
7312
2082
9723
2377
1305
6267
7573
621
1862
910
5251
8384
2541
8149
86
5957
2364
9495
1333
5489
989
5409
6470
5540
9448
5700
9214
6240
1744
659
9349
135
2742
9071
3591
5126
5338
1164
5748
8279
2074
2077
7741
4615
226
7828
571
2590
7322
2983
8079
9390
9472
5627
6009
9998
1326
6301
7317
4150
6960
6665
4285
780
5736
8955
5907
2152
118
2733
430
2192
4810
8172
7886
6115
7078
8458
9784
5478
2519
7863
5946
3069
4568
3033
3067
5895
9334
383
1123
6294
8127
5408
8153
3862
4362
5138
6014
5560
7871
7524
7752
3760
6774
6717
9875
4930
6253
737
407
8772
9679
7432
2920
4246
465
5987
1219
9799
7449
2342
7171
5575
8829
6403
9438
4270
1540
6530
9830
490
5132
8660
5329
1905
5376
6282
6835
1628
7019
8321
1479
6697
5753
4399
943
6218
1464
2162
7095
8913
4505
5345
4487
3333
1747
5003
7603
3287
2612
8511
4856
7744
7171
184
9650
2546
6467
7563
5254
3485
5884
6733
182
1636
2210
1125
8933
3674
3287
6027
3665
8871
1371
9231
3283
4197
4234
885
8564
7925
9397
3419
5668
7646
3604
6396
191
1149
3959
6524
4634
9843
4335
4816
2557
6545
7020
1489
1297
1386
8595
4962
1335
1045
4193
4618
5242
9506
6583
3805
7430
5979
8304
4176
4703
2986
572
4894
4135
5610
2497
8769
6531
6832
4664
9088
4456
2762
1655
5753
4148
249
1794
5484
1294
5987
1180
7616
6571
7763
2499
4000
4820
1881
9255
9523
4867
905
4417
9002
6515
7993
8850
3045
4824
4592
3211
9280
8433
4866
6112
3660
6195
7906
222
8568
4971
1402
7262
1541
9166
9762
6620
3985
1642
5874
3508
7589
6780
9004
7669
4373
6996
6518
8498
2898
2188
2787
2178
621
7654
9369
4281
4927
7274
4503
4573
2244
5905
1835
4864
5070
2675
1483
134
5396
8436
3642
2984
5215
3724
653
667
719
8250
9165
3617
1517
1951
6874
2138
683
6242
7498
6689
4594
2000
1262
6838
8984
4176
2780
5133
6851
4263
5267
2246
2699
9988
5231
8993
3711
6963
9660
4430
6291
9903
9126
7808
2933
6000
9946
4695
3320
7443
1384
7915
521
3725
5831
9506
7901
8612
5717
4751
2874
983
8076
6652
970
4385
6724
5760
1347
7462
189
7639
7365
393
5446
1376
6393
6471
7150
792
4992
9613
8707
6593
3337
5616
6098
2316
4227
2893
8146
8181
3876
6222
5911
5925
606
2634
1684
3033
96
2952
671
8540
3345
7196
9916
817
4745
7065
1609
9738
6678
1394
6330
1093
7010
3506
3410
2316
6399
1555
496
1353
7777
6407
7278
9463
120
40
2495
216
2992
4245
8756
7416
1440
9750
8233
6186
6814
9842
7002
4570
2314
4410
5664
403
7916
152
2719
5393
1707
4294
6746
563
1779
5102
1104
1899
5142
3599
2115
9213
7844
1949
6628
362
1698
4861
7627
8513
5781
5707
4161
9175
116
9825
9578
9111
1055
2296
4503
3842
6590
2327
4405
8369
7429
6588
1347
3649
186
3462
2861
9109
6491
9490
549
8189
5429
9256
7780
2288
4962
1941
1462
6158
2844
1039
5268
3900
3335
850
7742
1003
3177
3225
451
1685
9813
1798
5334
1077
6339
8196
1264
2829
8764
2892
1018
5271
2147
8798
7559
8189
738
9022
4346
4662
60
692
8562
4475
2621
7382
5478
5799
1685
7008
8563
1497
8806
3896
3653
5145
3170
5996
9053
3012
8888
70
8283
2114
9948
6921
302
1764
5942
5727
6426
7081
7498
6066
1555
119
3447
8113
6997
6211
5120
5559
8787
5005
533
2439
149
4783
9514
280
8874
8402
351
8236
1594
298
5156
1896
2062
1097
8702
9568
9257
6199
5633
1891
6318
159
1082
4393
6370
6202
9952
5157
2285
1564
8675
3513
7426
8189
3794
6299
7669
4145
4534
9263
5522
9690
2237
8663
1865
938
8230
1122
8216
4942
4092
5613
5101
5174
5
2549
2454
1036
8785
4740
2600
7460
8253
25
6727
2046
7403
4395
7270
1937
3657
2791
1626
5894
2533
4571
7911
762
5693
6126
6783
9785
1738
2962
6037
1744
5512
8491
2780
4296
3230
6459
2834
1483
7563
9561
4608
4965
3955
1878
6902
8691
5748
9608
4584
8281
4178
2494
122
949
9700
6905
1812
1437
9868
7849
3181
6458
6339
7040
753
9570
4577
4667
2131
2139
4227
6739
8184
8183
8617
5085
6873
4365
5771
2536
3724
9949
6109
3846
897
5808
1830
3788
7246
1697
1636
1505
8155
7976
9625
9987
8624
4201
4653
754
6341
8881
7493
4524
8142
7189
687
6093
2632
6459
9708
7435
7486
5817
1281
9463
2703
3111
3250
1027
5887
4887
2533
4041
3941
2157
5106
2564
7437
9760
3318
3777
9719
1889
9380
8939
156
1146
6110
3867
8684
6897
1302
7248
3792
2583
6710
6495
6773
1039
7523
2659
7005
1134
7779
945
3291
2884
3509
1806
3722
7906
5584
4519
873
6042
4536
1030
8267
646
5976
6950
8622
7278
5277
2413
939
1986
8908
7712
4104
7509
1449
1108
8643
9228
3132
3012
3191
6641
4819
7992
5625
1481
2511
7578
7523
8126
8608
6869
9851
5662
4897
8472
2940
173
884
3879
3239
9793
2670
7343
7301
4119
9531
5944
4426
2662
8956
7617
382
4853
5608
6007
6334
9198
3584
4936
7324
3270
1804
7174
8933
6701
5646
2951
7954
6530
7909
1192
7401
578
8535
4702
5777
8065
1724
202
1806
1758
7819
2188
6612
4505
8195
4024
3703
2858
8960
2105
7207
763
9279
7218
8544
6003
168
6497
2533
8078
7689
1012
9735
7302
5714
5511
6446
8517
5713
8252
275
4610
439
7966
9116
9713
1989
3897
2570
949
7081
856
2791
6359
8074
1334
3441
9322
8910
7053
7399
7677
8065
8212
4979
3779
3723
2503
3374
9436
754
3649
5125
2272
2693
5319
1984
5762
9216
5634
6711
6296
7569
580
3733
5642
2994
7174
4963
1903
4226
3440
9581
2291
1652
4559
7149
5375
8141
522
5889
8895
5251
1013
1166
9023
6332
4229
4784
6626
941
2573
4000
8510
3154
8813
4152
6148
7065
193
8051
2370
3634
8710
4661
6365
4347
2888
2818
2487
4489
8707
1381
818
799
3626
9842
8210
8935
4625
4836
9876
7199
9915
8386
1431
8727
3616
7579
5792
3809
6708
8162
8522
5418
3901
5965
9765
7868
8783
2252
2356
8569
4712
4254
9368
8339
4095
7577
7273
9799
3491
8227
8076
3406
6612
9507
2132
1306
8164
7924
6195
4872
7164
5795
289
1064
1760
1132
8932
1621
3384
2367
189
8097
6621
9557
7514
1794
8213
5865
2671
1703
4091
747
6188
1782
1332
8321
3088
9497
7323
361
5447
4487
6157
6815
6630
7917
7947
6641
616
2410
9008
806
1585
6707
1441
9099
8501
732
4963
1171
2436
9054
2997
9703
835
4330
8023
5003
4905
6425
5364
1430
1990
1520
8245
9699
515
7270
6339
2211
9680
6425
3017
2343
3131
4458
1441
2710
5191
7483
4961
8706
6537
9037
9487
8451
4445
8589
4532
428
5013
975
1858
8082
3574
1181
7780
4090
8452
5198
6301
9210
1622
396
1553
5833
5933
4073
9622
2202
1556
5661
1986
9172
4698
1473
8701
9143
61
3233
9572
6153
4208
2508
4234
8861
3690
2013
2950
2141
7211
329
2429
9913
1804
5061
5745
7738
9135
5366
9940
690
2106
3005
940
6804
4478
9641
7025
4539
3952
7675
691
9239
183
6004
8100
3873
8017
2128
7093
6307
3537
600
6219
5341
5662
3042
4157
4796
9487
5176
6565
1592
8181
7505
9475
2658
8224
6500
8276
2176
4174
45
1414
4357
6049
592
9309
5144
2721
6401
1450
6258
7002
8748
2677
3742
2868
6835
8538
2355
2010
6181
5026
190
3685
4501
3927
1908
1000
3281
5163
6253
3326
6578
610
453
7170
997
5597
969
7399
8127
7227
5479
7953
9905
9221
821
7818
8837
3176
9828
5017
8202
1096
9781
3781
6102
2767
4781
9383
7931
1034
3787
5587
2723
4240
3835
3720
9837
4805
2197
9042
3110
7676
6995
4093
7975
7816
1910
7890
2070
2816
3985
271
3912
3765
5132
13
7612
9913
474
5542
2025
4261
1128
4748
8501
6042
9548
9417
846
1744
8458
5036
499
5452
9129
9553
3267
1039
7443
5337
3855
1427
6688
8847
6272
1819
9939
3883
2810
413
503
4836
5753
2710
662
4254
8752
209
3670
677
3033
2127
5713
3532
8659
4841
3084
3004
6959
1605
9421
1893
3033
6108
1818
383
9006
1756
5345
2894
3248
5848
8809
9002
8558
9472
3255
8388
759
8004
9065
3792
1209
4777
8403
9868
697
1487
2872
7656
4171
2292
9549
8283
9479
1366
8666
9563
4202
4010
3535
7450
936
2344
6451
9494
2894
784
7882
3653
8788
6946
8525
1076
2802
6927
943
3499
9493
4894
1154
3664
8265
1782
1946
8822
4227
1691
9463
9508
6780
2998
6958
7717
5342
4487
8289
8236
6351
6170
2967
6217
4195
2570
7293
8076
9498
9316
1574
68
5288
3807
4811
3553
6668
7837
3453
1974
9528
2916
1481
6307
5914
8439
5102
1255
4005
3391
569
355
639
3536
6572
4834
6107
3865
3988
6683
4259
5562
6751
9547
448
2641
3099
7116
477
6553
9090
1083
9469
1650
8469
6461
88
3571
7716
5172
6962
8285
5527
7601
2899
3178
3514
9006
7043
7502
5688
2380
4143
3518
1926
4591
7238
6105
2785
7715
3736
2954
9877
4283
4604
8345
743
4692
1915
8459
943
9956
7822
6470
7557
720
9648
2149
9727
7769
9651
6493
148
4872
1089
2075
9463
8327
9259
2248
7120
2994
5202
6996
7277
9806
6420
8020
5576
8335
7557
6519
8291
5378
4068
6926
6098
4794
9075
6903
2563
9804
4475
3790
4676
5564
6944
5217
4970
6202
8544
3168
9196
4824
1243
7551
5708
7663
5570
2363
5997
3126
9961
5366
9583
4028
2291
6760
8823
2444
3662
2464
3327
8137
6254
9082
4780
3198
5377
9750
9400
3921
3996
9675
9824
5239
7225
5532
3980
3874
7895
1056
7000
7855
6422
7662
2962
9793
4421
1784
3315
8083
4248
6642
7299
1580
5723
2078
4778
1100
2906
5257
6100
6902
4931
5923
3220
2155
2533
7200
6029
1506
8256
4108
440
5757
2848
3402
5549
7269
6265
8864
6430
1591
6585
3728
3171
3386
5806
9029
4486
8712
4285
1664
6693
9216
8667
9913
2449
1199
8191
9558
3785
7526
4744
4225
3282
7592
8706
9910
4860
6049
9852
1289
7640
6436
6097
1889
901
1902
917
6466
1693
5202
8131
8386
5496
7876
9377
7946
9075
8646
8582
3938
6171
3325
9242
531
916
7947
1519
6855
3995
2450
9223
2713
9965
5319
4603
865
7222
5520
7332
9994
1801
5462
9458
7297
4416
9913
5242
4569
8558
3823
8508
5808
8227
7749
7418
221
6775
16
7076
1848
2466
6299
4562
2430
2696
243
3296
996
6842
1706
989
8643
8247
446
5940
2662
1437
2260
7231
9996
7163
5738
6882
5389
4566
4299
5611
1340
4315
3765
3188
7860
63
8829
290
3839
150
4665
4835
6993
6371
5825
5635
4617
7350
2653
7279
8788
4914
5588
9862
2076
1326
6743
8544
5892
2120
5233
8311
7515
8999
2577
5374
140
1406
6743
3979
1556
2486
8815
9628
8857
4639
5263
4552
3067
7916
2909
1854
3908
8498
2794
7063
902
615
5607
6794
2736
839
6183
1329
9838
8760
7782
9979
1244
5604
3957
3880
8090
3850
3507
8026
9568
9849
2577
2635
8844
6566
5568
2751
5063
8363
9815
5965
8978
6500
3837
2792
8418
1098
5200
9335
9858
2982
391
2181
8586
4348
6061
6675
9278
646
5779
8845
495
9436
1479
9339
6001
8127
3168
2142
6489
4061
8107
6545
560
3022
416
8979
4120
5616
8313
5056
8598
9783
7237
8262
5209
4376
6016
4486
5023
1794
3331
6597
1229
4810
5935
7230
4015
9103
9372
503
3164
8557
8128
4803
2657
8544
4860
6777
4159
4251
2912
3836
4033
148
2097
9243
4525
8113
3728
626
986
7059
7223
2215
2948
4236
524
6963
4417
974
8546
8660
610
7752
3463
3267
6295
8323
1123
1532
3653
4035
6447
7686
5262
8545
6928
865
7736
1735
1491
9801
8794
9793
3095
2820
4028
3619
862
8446
5672
486
7105
7361
8238
1646
1707
5611
1048
2830
7143
4701
7944
3590
2386
3205
3213
393
5150
2027
2128
6641
1828
2000
7513
4923
5900
1540
9621
6762
1064
5292
8327
9249
3732
6564
894
5439
2174
1942
9348
395
7722
8370
5064
108
1574
8277
501
6724
304
3708
4444
3211
5708
3035
8134
1607
4575
7754
9448
6719
4124
7774
7046
7856
5416
9019
4373
8669
2040
4799
9065
9762
3168
5207
9870
5822
3484
1449
3624
4867
6236
8068
8078
1944
1102
7290
4630
6757
5043
4078
4554
9167
2930
2678
8102
8347
1696
3553
8094
3736
8353
7158
3498
1520
3444
4446
7342
8007
6975
966
2873
3210
112
2029
6233
2294
9319
863
129
5440
6020
5762
5685
8950
8440
3786
8375
135
7340
7548
4951
5692
5784
8449
8291
9228
3973
6712
7234
947
7678
106
5237
8869
3214
1469
2241
3611
2332
3449
129
9431
9211
5815
9460
8729
679
7834
9944
8019
5381
4894
4789
1165
3342
3080
1471
8394
870
8706
9342
8548
9891
5657
8495
4184
7126
1815
7795
537
5264
7925
9968
5554
4818
9427
5361
5497
8340
5304
4595
4799
197
9384
7043
4618
3542
8515
3012
4412
7220
3432
4038
8189
9089
3612
2372
6214
5427
167
6751
1769
9171
7798
8402
3988
7224
3763
563
6642
9067
5158
1441
9265
5621
9563
3882
9163
8077
6894
4654
6375
325
9771
4564
9414
3382
6936
6707
9888
8182
4536
2736
8431
2333
1137
3497
636
4900
4061
8357
5046
9219
9798
4310
5918
439
9271
6160
8516
6165
813
5970
7569
1662
1612
8062
6124
8548
4768
6011
7809
9304
9826
6239
2716
963
9737
4431
6942
4876
2787
1987
5173
3664
7376
1091
4103
6647
7251
3697
3890
8064
9667
1458
804
1278
9520
6928
905
5366
4018
8714
4670
3843
6031
8465
5885
5767
2895
2827
642
5682
5893
6895
424
3269
7986
4527
9916
5236
8225
4884
4378
7891
6342
5182
248
6941
2110
1153
2306
6128
945
8055
9971
6976
6519
6935
3822
492
9762
5543
7254
6733
2437
7678
1
422
2205
995
5658
429
5879
1114
9399
3300
6297
9647
240
9486
1878
2546
6692
2823
601
6662
878
8199
3596
4700
8692
4436
242
7024
1169
2680
4701
2249
4181
7985
4324
9840
8414
1281
2032
8892
4581
8329
9617
4821
8893
2574
8447
5584
6476
9048
3325
7354
8325
8000
2053
8095
3515
3375
5118
4684
7134
9820
8012
1314
7804
2335
1153
7297
4696
4265
7267
9277
3672
6883
5177
2565
9457
3623
8149
5933
3749
2552
4365
3152
552
7498
1247
4067
872
6365
9830
8006
6184
7841
9320
5067
1255
1552
2363
5951
5817
9630
6306
9489
7591
2561
2053
7048
6184
1281
4059
1011
3833
8424
4164
5464
5921
5411
9531
7872
2854
9360
5877
9039
8280
6276
5184
613
7828
8626
7643
4723
9334
3948
4211
6924
6510
7344
5050
3772
9704
187
5863
4615
8612
1105
79
5611
7595
9610
3483
448
48
438
565
9407
6714
5749
19
5620
4374
7662
342
3707
2688
5633
1710
9198
2976
6760
4049
3758
6948
990
8373
6638
2095
8452
3327
9690
9141
7889
1216
267
8328
1782
9674
6120
7531
771
1740
2984
8433
2082
7770
1120
7715
9480
1397
1769
7319
6525
5527
5345
7515
4979
3061
9610
4509
6388
377
4728
5356
1593
6074
3683
3375
6826
881
1985
7597
2621
6048
7108
5783
3817
9308
4576
4376
704
7425
2773
7229
4030
8118
5822
87
1178
5431
4597
8645
6887
9325
4000
8480
5399
8762
2934
2224
722
5998
900
4422
2045
8008
1283
6941
7315
5860
2395
9098
4363
5168
7405
9472
4364
3226
9560
6621
9736
4156
6345
6622
4559
1423
6181
1036
1264
193
4340
1986
6191
5240
6408
9315
3247
7692
7334
1641
4630
808
738
8993
5976
8144
8464
1419
2448
8023
8040
2184
3257
5463
9885
7817
6887
6065
8853
8151
6258
3192
136
3527
9511
6544
3920
3837
5314
1254
5478
9944
2062
7295
14
9117
6517
8479
1614
8966
7580
733
2228
837
6196
2112
9733
3082
9257
8585
1232
6593
2856
2447
120
3445
70
4040
7282
5384
6373
3838
5328
8435
1133
5342
8631
8729
4899
244
8773
3558
977
1000
4395
7174
3113
4127
1334
3448
3790
3646
40
6646
6093
1239
1170
7242
5280
8452
2626
2731
2290
9033
1166
4502
5453
875
4309
1431
2198
3082
4989
4255
4082
9384
2507
8274
4589
3841
1721
8379
8566
2841
6104
4659
4080
7274
2979
438
6804
6684
3170
172
5716
5415
5753
2248
6290
62
3679
9567
3144
8668
3821
7226
9130
6328
6579
4797
169
9379
3175
8735
2219
357
4472
7379
8710
8531
7817
6593
5214
986
6765
930
6401
2518
4257
3769
2580
7936
3336
5724
7682
8236
4028
7890
4564
1685
2686
5812
1064
6940
5625
4362
8377
1176
1740
7086
9707
636
4757
4920
2701
1522
6929
181
4040
1185
3950
7699
199
8365
3422
8960
6601
8529
6849
2243
1293
613
8055
3436
7554
4758
7798
5930
5934
617
4094
6719
2332
8852
2718
5033
1452
9647
5214
5492
1911
243
3190
3189
8608
7691
2149
6287
7298
76
9609
8591
690
8742
2026
9323
3500
903
5252
512
2599
424
7232
4931
354
9950
9964
1806
674
5178
7298
3664
5421
1566
7933
5107
335
81
2473
8713
1236
3160
8382
3005
1902
1487
2327
6481
2390
8658
6993
4989
161
5303
9920
515
6331
961
2322
7006
7218
698
1748
2638
3344
9681
8825
4758
840
2376
3470
2077
5536
1852
6161
8517
3339
8489
4997
6808
8225
3069
1796
8386
8372
2794
8902
4703
4834
2302
2787
2052
3000
4535
5769
7423
4216
4593
2181
5056
8048
5651
8212
4663
8582
4373
4258
1920
3940
9256
9807
3243
2324
2681
1629
695
5475
1609
6477
1388
3911
9264
3440
7990
3799
9209
5413
9094
4881
7594
4149
2928
4323
3440
8670
2905
8892
2928
5904
2831
3262
5711
6074
5586
8392
8782
7360
4946
390
4916
6334
4301
4179
9774
3370
9057
8982
8783
8150
3862
7455
3378
7870
1777
6818
6539
4682
5709
545
586
9619
3807
7376
6771
471
5767
5553
8911
712
7022
3826
8125
2402
8005
7898
5772
8141
7959
4554
6290
1820
3087
746
768
4864
7564
8387
9547
4351
8932
1211
5048
3818
8587
2898
4289
5432
8451
4278
7224
5472
8104
5348
7874
7188
3246
4724
5328
2283
9278
1617
4103
3443
2364
5951
8308
1006
4337
8933
6437
4347
1222
2563
8165
887
5461
3533
6319
4990
7811
3542
1541
5915
8891
493
4181
3215
5218
9509
6577
5574
2204
679
9018
4568
7709
7325
6654
2045
6257
4169
7472
8558
7811
5636
9445
3272
247
5763
9341
9138
384
881
5052
9275
1375
9233
3568
6593
9820
144
2166
2023
1902
2262
7671
690
9587
5403
2735
6922
9572
206
5479
8461
6922
4923
1732
8248
1765
2152
7385
2149
3033
3515
2502
5487
3826
7149
2079
3645
8372
5325
5669
1352
8666
3339
2042
8253
8742
4778
6253
9392
6063
2811
7852
4063
8813
663
2311
577
2815
9696
2726
6927
3211
6307
2414
7037
3455
5572
682
1826
1975
7430
3179
641
768
5221
9973
9510
1077
6225
9980
8220
9036
7831
2282
8928
8494
5672
9505
2387
5368
3310
9315
9658
9617
1728
7773
3072
7300
8455
4898
354
5884
9156
995
7731
5456
967
8319
6533
8271
8298
5831
8386
6129
9193
7313
5701
4864
6817
9168
1310
126
8482
2046
822
1288
9820
3894
9667
9353
9871
20
6316
9027
1015
4046
5561
3061
2365
3172
1332
1741
9004
796
8949
8196
8109
5729
4138
6004
4896
6528
7210
3377
8574
8032
4665
9472
1925
4331
8825
2874
4352
5140
2979
6446
264
8540
9508
3708
1712
1918
5450
715
3793
4398
9990
1901
126
5206
7905
6101
1733
5114
9478
1386
3145
5221
857
6149
9553
760
9024
4983
6979
2002
2507
8323
542
3093
2030
2254
5011
8559
4048
8804
4036
5116
1783
4162
321
767
1342
2055
5881
819
4520
105
6041
6456
7333
6672
7217
6356
2733
5274
9438
5240
3596
9980
8334
5627
3312
4423
4185
8439
4306
8221
3554
6089
3462
3875
7935
4804
7009
4895
6702
2607
5000
3821
9064
2332
1571
7359
9768
4304
2632
9205
9545
6229
262
8957
2934
3574
3379
8198
3091
7685
6419
6645
4853
959
1598
2787
6842
8608
7682
4622
2293
3760
8444
1356
7172
14
8715
8018
4319
1347
7222
4942
8655
8563
3898
1588
2136
7277
9786
5227
6041
7283
2950
1972
9321
4548
5838
7241
4234
4599
1863
6528
8359
306
7884
6609
320
7678
4626
5718
103
2926
659
8758
1488
5636
1424
4703
3992
2288
1008
32
650
3958
3083
1049
9586
10000
8291
3819
4598
153
1425
4036
459
388
644
1858
8066
6350
7577
8169
354
9315
8005
2922
4951
507
7625
8943
3874
9713
53
4524
4749
4215
5574
4334
4214
4943
9233
8813
5096
1736
2848
5555
2124
4571
8492
1268
1999
7147
515
2354
6462
8520
5276
2491
105
3979
1433
3980
3691
2565
9583
8441
6780
6235
3853
993
1177
4164
9806
6273
5901
3732
2906
8025
9383
1398
9294
1381
8545
9809
4814
6085
9408
1168
8576
591
5148
1087
4571
9918
3652
5233
8358
431
1467
3290
2504
3724
7454
3388
9997
4433
7121
3982
3537
7582
6459
3909
8963
6082
4796
4856
2167
4203
6024
1821
4795
1171
2909
444
1089
7640
5677
525
8072
8224
4894
1654
1947
2348
5042
3022
7860
3241
7004
1396
822
4541
5305
864
623
101
5720
3869
5383
1743
5690
1256
3994
9678
1701
5083
7318
8457
6687
6468
6680
1581
8122
8627
5008
3163
1649
2867
7484
9732
5343
8306
4273
1726
9170
5975
1827
5968
922
8290
8791
7691
9546
2784
7369
2325
8946
5765
1861
5632
2232
9620
8292
1432
9326
4378
5674
974
7246
3157
1784
3667
2542
7136
5393
1711
3110
8300
8759
5111
6589
7549
2802
7213
332
170
617
356
5935
3557
7067
9246
3176
5359
1756
2501
9737
7430
4554
8061
587
6339
2806
3129
4553
8200
5919
8743
6499
4677
3853
4166
3304
6655
1378
4715
6825
3074
5071
3838
6631
2138
4162
9808
8576
5918
2308
8312
3348
6863
7452
5014
4280
257
9222
8833
8457
6219
7575
6034
1975
2507
199
5279
9162
2657
9995
7066
6810
5065
903
3441
8282
6145
4327
6857
2062
6635
5169
6489
4576
3699
2581
9935
3956
1802
9847
3492
9101
8500
604
1075
1006
804
6354
168
4540
7427
7234
1349
2492
9216
5869
1852
6439
195
8710
9581
6831
4957
7148
2485
8656
9730
3499
3690
2610
3345
8261
1710
2923
8866
2785
3930
748
218
5177
5288
7645
3489
7716
1215
2704
3585
3068
222
3780
1777
9803
1689
7813
6950
5254
6468
7758
8753
1236
368
3176
9498
3157
6099
8363
7022
1107
9111
7240
6284
5477
5963
9773
3192
8258
3556
7856
2404
3778
1636
5260
3580
4404
3072
1608
9658
9540
9367
9489
775
9735
2664
1351
3970
9843
9714
991
949
9903
9310
7234
5379
6352
7006
9651
4609
1640
8585
7013
5418
220
2272
76
5704
5344
1685
6440
5962
2130
5929
7816
1864
8593
9168
6913
8435
9960
7905
9385
9863
8293
7697
6320
4644
5781
7049
9253
7422
5634
7344
3918
6933
694
3995
2636
7117
6759
9077
3078
8889
5005
1973
1831
4676
2219
8744
4190
2178
7727
4653
3119
6020
2349
9440
663
8130
7567
995
6630
3200
8339
548
133
112
5622
3848
7229
2380
2924
1386
2347
9008
3359
4178
4763
5578
4000
8953
8835
1727
4684
1954
8826
7033
2472
567
6241
38
1562
2871
3239
980
4498
4451
1092
119
8299
9400
3578
2302
785
5925
2388
4144
1181
7151
800
6260
7182
9636
9066
1865
2668
7891
8898
5140
8459
6218
6257
1099
167
574
2079
4665
5025
4250
5863
4403
3650
9441
6705
5514
6444
171
9659
8704
7323
1537
4963
4504
1172
4029
6370
4919
2998
6346
1137
2535
3642
7395
3635
3809
9048
6793
9553
4073
2122
6494
9555
6851
7013
7338
2364
3456
7509
3101
2159
4831
4639
8202
414
6890
2230
7863
1809
6307
4208
4025
8843
8930
1419
2477
3817
467
348
3370
5619
2470
942
6252
399
7956
3589
2764
1411
1097
5865
4650
7008
503
2851
7422
7394
6160
5284
281
2466
570
4306
1308
9500
6805
4864
3317
8351
6292
7766
5048
9841
9787
1299
240
7742
4888
3004
232
5985
8869
4882
2992
451
7733
1492
8924
4971
6776
9205
7437
8426
4589
9825
9004
1393
5767
2320
822
2058
1164
5870
1899
951
7169
2139
9772
3135
6222
3
199
6169
4885
3191
6620
3696
5763
6622
8667
3617
6905
7183
2042
1494
7007
1046
3966
2773
4445
5868
5911
6689
1737
7810
8719
9986
1027
8490
3120
7249
8494
3319
4496
4457
7590
2195
8154
3352
8817
7899
6969
5722
6160
90
8295
4245
1136
2260
8098
5581
8128
4008
3348
944
2896
2066
929
5002
556
4049
3329
9050
8448
7825
4585
6037
19
2738
467
8837
1716
7436
5637
8955
7526
3931
3200
9741
7270
1297
6401
6477
5305
9749
7421
9280
1815
9429
4281
2371
3477
7610
2499
3003
6513
7084
9040
6533
901
9507
6448
3696
8022
2084
2650
6626
6015
5850
6367
3284
7147
2767
9761
3530
2515
7181
3888
5409
7688
9248
7780
2244
6857
1357
5247
4449
8442
4287
981
421
4872
7429
4117
2893
9513
6767
598
6606
3696
6965
9890
1921
810
729
6531
4404
7910
418
9814
6677
9667
8672
8921
7602
29
4167
2050
9550
9533
3031
9971
4405
1538
4087
8377
2129
1932
8975
8735
5628
7018
9704
7550
7828
432
4080
2232
9421
4498
3124
6097
5243
1795
5017
2845
1824
9185
5974
1373
8717
9006
1343
4200
1622
6509
2577
3752
8442
2630
3565
5148
9649
3268
2697
8555
3700
7856
1865
3121
3433
4989
9218
8676
7864
4235
2599
9688
4498
8574
2140
3214
8658
4562
7415
1358
1071
1070
6189
591
3700
9755
5739
4427
4101
9516
2982
7802
7371
5926
2001
1882
1994
2297
558
9858
7611
4236
623
2108
2809
2763
6402
2545
7326
4895
3904
9476
5965
92
1145
9665
9847
7963
5171
3948
7478
9232
2828
5928
5157
4829
7810
7151
7126
9447
7008
5816
3683
8711
7924
6492
1473
5404
116
9878
298
4020
431
6263
4112
2655
7007
3959
618
2177
8986
9175
2487
1813
5102
7644
7721
3991
5874
5925
3437
3960
1740
8199
2670
743
5770
4144
6147
5886
5100
6446
9906
5532
3787
4017
8187
1872
9055
9884
4049
9119
9059
7615
2010
5239
5259
9731
9230
1132
6735
3746
5092
9554
1944
8842
296
7714
2985
7523
3599
9164
5047
3504
5774
8834
8601
5040
706
7655
4923
5834
6774
3981
3449
8784
299
9787
9594
9529
1997
6328
4353
8168
6960
6298
7009
7257
5090
1072
5858
9769
236
904
3272
6010
816
2951
1049
2601
606
7052
9515
8459
2111
4042
8321
2410
3828
8993
3018
5825
6399
7371
5071
3359
4747
2080
1694
916
3152
7552
684
3388
9535
5035
477
1429
7987
2605
4031
9672
9657
3545
8130
1768
8666
7529
4178
2493
6522
8275
9397
2920
5646
5546
7358
1471
7626
9052
2387
778
6603
3071
5245
7216
8107
6801
8646
6093
9407
2676
5764
9063
7300
4972
1909
7044
3579
7167
615
100
5441
11
4100
1086
5557
2536
3637
4262
1588
6024
6119
9270
9096
1363
6486
8281
8165
6210
4373
8650
9965
1215
7712
7264
7266
700
5386
844
7867
6001
2024
3307
7091
6124
5473
3726
8660
9110
7988
1326
6212
4106
596
6386
6549
8161
4666
5792
4370
117
4441
4334
1332
3231
2676
9677
3931
9141
521
2876
5141
2545
6184
2231
9748
2735
5957
9486
1844
3945
812
9135
9130
2487
5521
5678
1726
186
1469
7175
304
6989
2587
2715
220
6342
2392
5230
5482
3992
8107
622
6537
5369
2853
7363
8104
8810
6848
1026
3833
8739
160
2963
2304
5681
9720
4030
6947
2268
2283
8330
9257
4870
2123
555
1211
4515
5786
6693
9586
4971
7315
6122
339
1246
4563
8443
1135
1411
547
4968
1228
707
9010
3533
7468
9809
8642
5493
2076
925
3822
1332
5795
5945
1888
8086
1539
8753
4778
1124
3723
3172
8326
4062
4418
2888
3583
5553
5378
4130
1600
6607
5916
1688
1218
4462
1496
9860
9955
3572
1863
4855
5984
7659
800
7872
5744
3418
7703
1600
4542
1425
4772
3946
6566
269
6835
148
5822
2212
5357
8501
9898
2351
189
1115
7893
2764
2054
8926
6337
3917
3781
3399
2654
5660
1270
9477
9078
51
1077
3619
1476
6928
7566
8042
7197
5479
8190
3019
8770
4625
2598
8668
6976
3866
861
5947
6631
2915
4873
4046
6833
8654
7445
565
4313
9794
42
3390
9845
2198
8088
1320
9126
6732
9362
6323
2210
8630
420
980
4333
3018
726
2387
6885
1587
8335
4594
4503
3207
8640
2414
2939
6084
2979
7252
5877
4100
1720
5721
6298
9808
8120
5424
7619
8560
2825
9829
7189
3245
1887
2600
7342
2613
4987
5305
4201
4400
9899
8704
7607
8538
2196
545
5700
5175
8876
1576
9276
595
8376
6652
1482
6495
2075
9101
5054
4900
7
3321
9224
1895
5921
6566
4508
1987
2949
9788
6387
2848
8491
5073
2464
686
6697
9244
6941
6652
1898
7295
7247
274
3946
9808
7848
7101
9987
2902
2000
9995
7302
2303
2968
3223
9948
7476
6289
2896
8343
3754
6823
6833
8827
366
8599
6603
9610
6618
3254
1507
3912
1579
2860
8937
1387
708
6037
2452
3610
8038
2446
911
1419
5414
5213
1366
3969
2580
4262
2311
6335
1085
222
5161
2530
9900
2842
2139
6517
6096
3646
1507
7676
6507
444
141
8294
6481
2593
1903
5597
6119
3893
7016
1532
185
9461
5501
2765
3723
8891
9100
5887
9114
5340
8417
91
8182
1634
6609
4278
6359
9195
3032
3944
9639
3173
2237
7199
6845
4140
2795
2963
9113
890
4496
9298
350
1075
2062
5152
1045
1162
1038
1237
7581
533
1328
5762
2167
9016
1118
8527
9290
4150
2470
8928
8402
4708
6126
5247
9927
0
8210
117
890
3784
9415
1240
5939
2556
6393
8063
4797
8510
9300
2377
9044
1706
8139
2289
1801
9258
1894
1090
4486
4365
17
2888
151
7223
8135
1156
8302
7423
1274
9192
2286
1767
1510
9304
4323
8982
8445
9120
7492
7744
2575
7614
528
714
981
2329
1050
2876
4498
5536
8320
5595
9503
8471
2817
8716
705
1118
6139
3058
1388
9504
4826
2898
9886
9149
2959
8330
9348
450
7152
1922
9143
8759
3715
123
2167
5844
2999
6665
1380
2397
2259
882
867
6155
9599
2652
8352
6816
5710
9740
7398
535
3717
8362
763
7755
7770
1189
8205
6000
3111
8426
4758
7906
8549
6925
3749
2627
4669
6208
5024
6928
8170
6971
4162
8847
701
2513
6741
6411
3332
4138
8026
8128
3578
9868
5882
1347
2135
5165
7347
6325
3590
3183
4230
3217
1187
7980
6923
5856
5266
3026
3862
3435
1075
8024
2281
1776
537
9022
9266
4948
4238
8370
3075
7816
9316
8957
241
1450
4121
8667
7776
8790
1850
2005
2006
3037
1063
8
9972
6330
3034
3833
843
4109
1857
3125
6964
3473
3225
6229
8421
7464
5678
2574
6358
4993
1530
6600
6444
6730
5266
4219
6598
8195
7303
9683
2310
8367
9691
2281
5775
3803
7194
6618
8991
129
821
5954
4681
5126
3262
4180
2589
8940
6754
25
3932
9363
6625
375
7171
2970
4594
3768
2243
2976
3450
4554
1342
4220
7914
8196
8023
5107
5892
7014
6315
7793
2967
995
2918
6229
5175
6586
6247
3007
6611
179
2369
4315
1633
9540
7285
7307
4386
606
282
7837
5160
1624
3135
3074
898
1157
9260
6790
9250
5575
4582
2217
7649
8579
9525
2824
5164
6851
5831
2854
7030
9280
7169
8663
8819
5532
5969
3205
6138
6251
2120
1298
8954
5255
5451
930
7491
4710
7721
6741
1363
3381
36
9013
1960
639
2915
8203
7490
9825
1056
4519
9104
9304
4261
9002
4835
1308
3285
973
8639
6484
3350
8671
1738
9880
9602
9229
5668
8401
7048
7032
1781
7084
7123
4820
7724
1116
4102
5213
940
5158
811
1123
4462
5072
1203
375
7459
4488
2427
6097
971
6856
4768
3788
6735
4369
4095
2403
3848
1143
513
5629
8227
8715
1528
7029
9831
5630
2242
1849
1866
4132
2972
7407
282
5254
8862
7741
9742
1288
4917
1791
8145
9685
5579
4879
5132
753
8361
8980
1896
8874
5687
1201
7588
8294
8231
7418
5002
1551
346
7948
6762
4397
5354
7044
9652
5294
5863
471
6583
779
2263
5806
1542
8921
684
7753
9674
9046
7811
2648
8998
3498
4929
6586
2870
4238
5082
7873
6868
6507
5820
3629
904
2252
672
555
7547
7614
1026
4129
8394
4368
9935
9936
4368
1697
8768
5120
1821
6578
8848
1898
1154
3776
9563
4025
9093
4644
1897
5960
2230
8796
9589
3134
1047
1339
4768
8594
8953
6873
3801
8425
1241
4814
9440
6688
7591
8207
1807
9412
4784
654
1309
7018
5509
1950
1042
4601
6595
2939
560
9904
1734
1227
3037
3860
3645
7805
2454
3677
4677
7334
2101
6997
2148
2619
3684
9739
825
6571
228
6689
7225
2617
3706
2734
4567
5827
7335
2240
9845
8975
2143
2657
201
6259
6517
3847
4063
49
7524
9820
7384
703
7895
610
3323
2658
1427
5227
9229
2734
2994
7532
5351
7779
1344
997
3605
9759
4316
3449
8733
6460
7185
12
2718
3702
4938
7861
3751
2461
8759
2213
4244
7732
3902
8646
389
5329
4951
696
8064
7946
8229
4493
6803
9573
5490
1487
409
9807
6015
9142
7345
3200
233
1141
6902
5171
80
1731
8712
8839
3945
2955
6571
7847
1600
8039
4255
6551
8736
3397
5575
6964
7890
2378
7615
4459
3865
8025
5344
9880
8245
2688
4158
8478
4908
1059
3649
4989
3870
2360
4906
8894
6394
2555
7819
9073
1673
2073
6702
408
5470
3356
8451
3360
6813
7144
8898
677
6247
4241
1635
4492
6929
5794
4048
2915
7932
8776
8983
1801
2214
4968
694
8608
7523
8514
8759
274
586
5461
682
7136
9896
211
1574
6708
7356
471
7385
3602
4712
98
9173
2719
6971
4300
5634
4903
3075
5696
7783
5290
663
8478
4976
9265
8070
4814
9540
9735
274
221
6870
169
433
8444
6877
8868
9994
5340
3548
4705
6517
2721
8503
4567
8100
5216
548
1174
911
8331
7543
1574
7887
3598
838
5956
8412
377
5691
9765
1678
3639
1012
2111
3162
8968
2057
3155
4307
5605
8940
1902
9405
8521
6469
7504
3736
7017
9758
4647
6427
7300
6221
4313
897
8139
1348
387
8516
8118
151
193
1756
1163
3383
5997
130
5440
231
5516
1045
249
7419
1528
8770
4966
9033
2506
3062
8790
7153
9489
7168
4453
3801
9145
2591
5149
9532
1106
4345
9684
2379
6102
1925
5762
3177
2056
1202
3408
7572
3326
3657
6069
4854
2427
2114
4965
4933
5176
3754
3164
4664
2001
7617
9544
1145
1286
5772
676
2393
116
1438
5851
7297
3364
1612
474
5420
3893
3882
4070
8298
7540
139
4231
1045
3332
9196
7057
8508
4029
220
3171
6030
8917
3793
7175
202
9565
7851
3674
760
368
9525
8057
3732
2216
8531
9152
7188
3492
4300
5486
2110
5518
9717
3155
8850
8912
211
7357
2940
1510
1606
8970
426
5400
7223
1708
6043
6153
5382
7882
6521
5986
5939
252
8202
5548
482
5389
9040
4782
1953
1149
300
1669
4304
228
1660
5594
7586
5679
7105
270
5728
7531
6749
2950
317
2792
9103
5700
1752
5623
1685
7691
5875
965
4318
7436
7433
3357
2218
9387
5586
3597
1055
9890
3825
3794
6563
1410
9474
3667
1681
5201
2276
9509
8151
2594
2300
8333
9373
4053
3955
2136
2822
909
4180
7140
8345
1612
1576
1641
998
7162
5238
3133
8130
142
6927
4692
2631
7479
9438
4312
2679
1714
4900
1909
5387
7200
241
5838
2331
5275
7974
6233
7263
2153
4451
5608
3765
6027
8328
5843
3188
3566
54
1318
3708
8060
6010
7418
5539
6527
2809
9297
8241
7709
1205
4706
4908
2525
543
8319
7801
9596
5630
5063
1748
80
1749
6592
6108
77
3513
9296
4722
4646
1692
9509
2706
8782
6926
9324
5308
9735
8620
4627
7443
904
9333
3430
4508
954
2827
3387
549
8457
8451
3376
8537
1278
9968
4644
2434
4560
5019
8235
9206
7790
7743
1911
6571
5748
2313
2957
6561
933
7584
4004
2916
7995
8513
7424
8949
1339
811
576
874
340
3952
9411
2697
4999
5134
5132
9559
1231
3366
8764
9021
2188
675
5592
7936
4067
8549
5575
6079
7212
657
8995
5206
9170
7498
5234
1587
9388
5810
2461
806
841
2951
3503
5840
8085
9714
5398
9316
4159
4161
9415
6347
5915
5006
5361
9983
4634
935
6061
1845
2672
6135
8130
1841
4711
3363
4508
4098
252
6969
5983
1093
998
564
6933
9083
1357
3409
9477
5516
7570
8892
2941
4564
4976
9381
4546
9610
1394
1685
2533
4066
8899
1742
5908
3609
6184
1494
8786
6436
8463
4768
7529
9462
6412
5540
9623
7769
8949
178
3284
7598
9070
7304
2161
4045
6684
7786
4734
8078
549
8346
2144
9449
1166
9131
3057
7351
624
1843
3786
165
7690
2394
705
4101
9013
1407
1869
7962
1585
6232
5559
1733
3535
8799
5778
218
6584
1590
9376
7133
1015
2598
7660
2181
2807
717
610
4510
2560
4397
5754
1328
7870
7539
5430
6882
8946
7299
5922
530
4610
1480
2263
8145
1357
9120
9443
9020
1789
8818
7232
3883
2494
4891
7143
6380
5608
7754
889
9247
3229
6643
575
1098
4181
7084
9059
4205
5461
4981
4735
70
7540
8077
8216
8898
8276
8737
7917
1143
8633
6227
5026
1126
1118
3247
7506
7805
1000
9474
8131
5308
7195
9785
6406
2455
6868
6544
6660
2328
1524
2474
3478
9064
550
1693
9040
9905
1508
8036
1047
140
4262
7152
1266
6459
399
9851
4264
1399
9324
3473
7787
6518
3257
5271
51
1203
1814
6712
4610
3338
9186
8088
3481
814
859
2520
719
2367
555
2845
2507
4818
9998
4852
1276
396
5781
6619
2874
6183
91
660
3780
4427
5932
3831
5630
7746
542
1319
1084
806
9407
4565
1621
1345
8164
3419
4791
8720
6264
8378
4616
6261
3229
6971
6657
89
3590
9532
6272
4760
191
51
266
6123
3883
6975
3869
5504
8294
6032
6311
8780
1675
7932
124
9839
1350
5994
9637
8693
4371
4252
4954
7601
1223
2689
8769
5892
2220
5040
651
3491
6171
917
692
53
7893
5640
6636
7265
1671
2946
6044
4425
1956
7247
5343
4385
3241
4979
3078
7612
310
9111
6291
1533
1799
5059
7425
4020
99
9155
7511
6270
1151
8203
7402
122
3843
4037
7387
6593
8063
3431
2097
1097
1756
7440
5483
4997
3497
9640
3688
3807
8750
9979
6419
548
5038
3843
5647
6216
4077
4236
3564
5228
3518
2044
5350
8440
7160
3815
5032
5222
8325
8208
6320
81
5647
2881
6157
223
2520
9845
4030
1269
9824
449
2896
5940
5371
8544
3234
526
2779
6798
5754
6297
9921
2182
4736
7080
7077
847
3381
5401
9055
9701
5482
4702
3660
1639
6004
6180
1483
33
8528
2385
1561
1423
9404
6933
9967
2637
7459
3825
513
4292
121
1512
7553
4858
8593
4629
5705
1973
30
4759
2752
6591
539
7491
9309
6543
3670
1871
7656
3276
4256
9217
5778
4739
7228
6824
8455
5766
648
47
57
769
1559
8689
6706
1230
4397
3489
3203
4427
8249
7034
2096
9867
4524
1405
7489
9273
3276
6223
2548
8611
5439
9406
4428
3746
6229
2883
9512
6877
4009
9569
8725
5568
9336
6510
6799
3732
9999
1080
9238
9326
8115
1334
9193
3717
3818
7760
2990
8173
3982
6617
7862
499
6022
2290
4245
2250
6252
3756
205
260
4403
9
6907
3739
6519
4784
8550
6517
5865
7788
5843
5058
200
6114
9854
5097
4952
2843
3269
12
9461
1130
1590
6561
4499
6915
9891
750
670
1174
1010
6153
1183
8997
970
8781
3780
9520
6377
723
8386
2219
6860
9665
9412
6714
4761
5442
635
8030
5454
95
239
8123
7736
4738
5037
7626
5489
6787
8800
7578
2939
1062
7653
4988
921
2512
5586
7298
3235
3972
595
1174
3636
1085
7888
9477
6527
8523
8585
3059
9698
8824
1182
7433
4641
6219
6137
129
4084
6015
8786
7023
8156
7518
2010
9078
29
7597
6375
3264
2647
6971
4438
7362
8056
3404
6838
5662
3006
6502
8721
2703
5325
981
1214
9966
8280
8430
1173
2363
5523
1038
465
3679
8556
3554
3835
8585
2229
209
2927
4876
8259
8445
3317
7394
1848
1233
4134
4854
7735
2854
8636
4139
4915
928
5183
4273
9358
6357
6636
5960
8474
7101
9639
7029
1734
3473
6692
3963
4761
9619
9919
4099
9142
3235
2571
990
4468
6705
6923
3282
637
6638
7421
5552
7566
2603
9825
8003
38
7540
3962
9591
5719
4679
7698
7453
9231
4389
2495
5070
5087
2413
247
4228
5648
2818
6297
1194
601
4299
5555
1239
2015
2975
7870
9581
6658
8774
8662
7775
7392
3702
7366
3110
9460
5063
1642
9769
531
4137
4839
6697
6550
6165
2003
3276
8984
9380
4470
9585
3678
25
1902
5693
4079
9773
6352
1815
9625
6093
9591
7016
873
8035
1204
333
4176
2846
101
5786
6983
6019
2482
4611
2184
4486
7887
1167
3865
2357
1830
8622
3461
4812
5393
7540
5663
2823
434
5287
8916
24
2302
9790
9138
4585
1201
4392
7432
1302
178
5493
7322
2660
104
9506
8225
9070
1751
3168
2505
4660
1789
5966
9472
8261
4585
5134
1084
5019
1499
1078
6122
4880
867
6338
9466
3147
729
7976
4450
907
3468
2850
4647
4651
3434
2871
3721
6264
7119
7305
923
9987
3271
1474
8248
8935
7687
410
5032
265
1488
2232
5145
3435
8570
5689
6582
377
3664
1031
1285
7133
4960
7011
2862
8394
960
7662
5736
8079
4967
6660
8066
9317
9213
7392
8251
7978
7802
4361
8243
9290
6593
4467
2724
5162
155
9307
5539
3820
1416
7903
2031
7456
5992
4893
6928
6953
3634
2664
5031
8601
402
4175
7917
9615
1566
7246
8671
9368
1606
6914
8658
9278
2459
2460
5518
2614
2845
2135
7513
5341
38
9544
2796
6030
5516
9724
4061
9150
2387
171
8829
2789
4346
6745
3482
6992
5069
2153
6359
6675
145
6095
7031
2604
9635
2548
6297
2479
4683
3810
7820
5800
4432
1694
2909
1026
1418
6970
1254
4884
7141
82
7674
1487
6827
2234
9558
2974
4387
5916
727
5611
3090
7758
8215
2724
305
5591
5203
6068
9401
4102
1867
4911
5796
4776
7017
8293
1746
8271
3177
9966
8354
850
2531
6259
3084
2088
9234
8551
8005
9961
4161
2173
8798
3455
4897
9103
9046
1178
5170
9525
5280
8117
5514
1076
2892
2530
9369
5717
801
3624
5683
233
5553
9293
6492
9717
1381
6804
8267
464
6765
3506
2637
6641
6961
7534
5743
7085
8712
1992
6609
5071
1187
2123
7226
5158
4653
7673
875
6533
1297
7637
6766
6850
8008
3258
6566
9389
1140
4832
9853
7905
9418
3568
4545
6378
2180
1367
3463
1971
4438
1150
7042
6704
4352
4267
1861
84
1939
3815
6617
3236
1451
3383
86
9460
7720
6652
9927
8860
2563
858
7844
1980
4426
3467
9437
6607
5913
3978
8578
1429
5129
6698
8133
9481
964
9995
9565
3982
3809
7261
7219
6340
643
8384
6878
9442
6114
7883
9380
8677
8741
7223
1735
4246
1769
2251
1931
7682
6229
1587
190
2436
8285
8323
1917
327
9396
2560
4309
3205
9821
1527
623
1542
989
8580
2062
7104
6462
1442
6859
5203
9744
8595
9449
1512
1924
1379
273
8153
2966
1542
589
2329
9865
3585
2656
9261
6145
6965
3544
7045
9572
5246
9666
560
3825
1728
7664
286
4249
5602
6568
3992
5275
6016
6584
7199
8474
7936
5351
2518
9478
5940
4847
420
603
8582
759
6749
5547
5382
4872
6197
627
4537
6757
5531
7344
5500
6897
1592
1101
3464
6664
6376
559
4326
3574
111
3340
3
2630
2817
5944
8556
4316
6547
8217
5076
4374
4842
457
324
1038
2164
5941
7795
8774
3284
4373
5670
5956
5474
9135
3698
2928
772
9103
6502
883
2442
6506
4592
6338
3528
4227
653
1153
3522
5729
6607
8364
7266
8010
9402
9430
3950
8275
8203
8314
2648
3873
4269
9201
4086
9046
2129
5937
8148
9710
7899
1668
7294
3570
8006
1900
8876
8659
3054
2397
4388
739
760
1653
8749
161
2161
2699
8436
363
2091
2162
5315
7439
1363
479
6484
3492
7495
5710
4280
5394
7378
1574
8964
5383
4553
8918
4041
8686
1314
9508
9425
2074
1160
9253
3314
4400
3030
1749
4764
5121
3912
1157
2559
6354
2716
121
924
210
5831
5204
5604
4287
7857
5646
9670
2410
4563
4789
1095
6956
4297
520
9030
6536
851
2343
936
3881
5172
6779
9002
162
9015
2639
6516
1730
2760
7440
1941
8591
2643
8624
2877
1579
5349
3625
3989
990
8414
5084
7947
3789
6683
8055
1404
8613
398
2340
2493
6649
197
2573
6811
9212
5212
3326
2021
7972
765
5041
6562
4487
4743
517
6066
91
4142
54
2161
3635
6218
1186
7424
3979
9241
8828
2592
717
2246
6164
7366
3522
8738
4176
2734
3949
7502
5834
1921
9346
874
9562
3833
5617
1158
977
6788
5300
2111
27
13
8329
1213
7438
3386
453
7344
7057
1171
9591
3221
8537
4191
1958
3792
8004
5907
2372
3837
8907
1718
5790
9548
6630
2486
705
7607
352
6005
796
379
7098
203
1592
4535
3590
3124
2957
646
4295
3626
3867
3911
7818
5825
8782
5821
2811
1153
9659
1717
2871
6527
2343
579
9013
3048
9266
9365
132
61
9744
7230
265
2414
2843
3855
5539
5800
5580
912
9427
9448
5902
7244
6351
4683
4143
240
5837
4880
3037
9787
1407
5380
1445
419
8429
710
863
8561
771
606
5790
1036
4100
9712
5970
9639
5511
1550
1629
4937
2076
7532
3259
9506
3293
7403
9747
208
2282
2783
1074
4768
8163
2519
5188
7670
3229
6051
7309
4000
7736
4177
5037
2914
3888
2085
2552
9400
3635
5261
5415
6790
3871
8675
6296
7164
7156
7121
7373
516
9904
9526
5285
9145
2044
1551
7894
5273
8681
5202
9273
6416
9380
5388
9331
3267
7474
2961
3745
2187
9301
9161
8978
3171
8914
6352
335
6069
3472
8787
7664
4454
8312
2948
3598
355
4499
2570
6707
3179
7773
5979
674
7152
2446
1083
1497
9920
5123
5243
3185
4424
4403
2162
7595
4395
8514
9009
463
1985
7795
8127
6439
7185
2154
1116
8619
7732
3686
5325
911
2537
1304
2664
767
4829
4826
2265
5827
9949
8587
9012
5451
4068
1174
4125
8463
766
3133
4
3831
2007
9210
1348
9192
1363
2464
7811
9096
7230
3135
1085
845
5518
4828
1613
1425
9654
4957
7252
680
4622
6264
6132
8690
8517
1335
8231
9283
4468
8235
3113
7554
8523
4462
7825
965
8005
6714
60
6313
927
2224
7159
7525
7052
9851
8950
7784
4807
6202
8464
9429
2465
5674
9197
981
7009
7427
1342
2556
6740
4456
1188
5262
9997
9013
6227
9080
5726
7366
5393
7733
668
3630
5257
7720
3480
4206
6582
9366
407
5046
9873
3951
1798
9069
4932
9887
7574
6275
3521
4313
1809
4709
653
2884
4801
7960
3042
1605
5325
8435
9338
5994
3143
4594
4792
6623
9880
1374
5988
286
7499
5860
4238
9297
6007
248
261
3580
7602
3782
8972
489
9571
9626
3373
4371
7585
6416
7055
3988
5929
6393
9982
9073
2065
5853
6774
1944
8306
2762
2231
5804
9701
7548
6179
5708
7796
6441
366
6477
1301
9339
6966
871
42
1418
6321
7627
8913
3376
1614
4841
847
2675
4992
2912
9607
1766
4857
7912
5607
8167
3715
6386
5714
9894
3172
4588
7413
3539
1064
8715
3956
9110
664
3998
527
8065
2703
9440
1440
5396
5359
3366
8071
351
6278
8756
3196
2213
6667
9882
379
1460
6267
7172
1354
9440
2839
9846
4057
4982
9639
9092
4091
1382
3089
4618
9447
5792
4057
1965
1187
9417
5331
337
846
2687
9093
4042
4901
6839
5002
5280
8299
1268
3531
731
1786
6370
577
6922
1351
1294
6013
6522
2676
180
1139
3201
5972
6276
5166
8239
6771
1575
8576
8696
4263
8747
2737
242
5585
7739
5522
3884
85
131
4615
2951
6501
6271
9873
8932
7566
5886
5453
1320
6066
6592
4522
3117
3946
766
2434
716
2342
2088
9412
7684
834
3227
7926
7499
2044
4526
2461
3209
4658
7076
6160
2237
4426
6032
1168
1991
2996
6621
3311
141
4292
7833
4337
9317
9679
6771
1112
3099
9938
1602
782
771
4830
9787
9349
7953
5391
1809
2240
1127
9965
8400
3365
4390
5511
4533
6381
9586
2233
770
805
7604
9683
6221
6920
9361
2991
8032
2459
2928
9635
4320
4779
5543
5185
5206
4574
575
7016
6815
1703
6980
6293
6147
1369
2882
1758
8829
3547
3991
677
4352
2673
359
573
9594
798
4643
8704
3257
8651
8338
8656
4508
4959
3840
9714
9534
4416
6729
7427
7198
4787
4798
3344
7235
8760
5102
7142
2306
172
7820
6658
2845
9258
8310
3517
56
4032
2221
4392
3761
1637
3048
8269
7676
6888
9061
8288
2382
6869
5714
9580
1655
1590
4002
9970
349
183
7111
2655
1434
6009
392
5358
6346
9781
8876
6402
3812
2175
1872
8652
4891
4920
7999
2566
2887
7060
853
5269
3928
7646
4849
6662
9237
9930
7710
9586
112
5900
3320
1546
1908
3712
6905
8254
4571
6859
5734
9463
112
7607
8114
5003
3605
6113
7570
6492
3172
8423
1761
8179
7148
7689
5919
6384
7618
3629
7048
8810
9529
367
1434
2515
5158
9418
1848
9730
7355
7582
9192
7467
6267
7305
2470
9873
4496
39
7443
7668
9541
9204
6925
6688
7971
2844
4150
6668
7552
1198
6556
7080
2644
7990
9595
7803
7408
1442
8611
4762
103
8881
3308
6370
6185
5778
7321
1760
6896
5843
506
7515
6125
7432
5282
4096
1354
9432
763
8906
1708
7319
5985
4353
6387
6658
3234
4873
9180
1844
714
9283
724
4022
6731
7988
9800
5131
9748
7774
973
1333
5288
7098
8765
1648
2272
118
1080
4114
102
3867
1432
6087
9299
8899
3823
2532
3771
3002
5455
4485
3363
7258
9586
1173
6325
463
7383
7151
8237
9435
8484
4604
6532
8327
6252
9884
8445
8411
3997
8547
3357
6509
5712
2655
5407
614
6267
256
4695
1721
5821
9138
58
5406
310
7462
5870
7693
4612
5185
8206
4175
867
5816
2501
8199
5699
946
6609
9697
571
1044
7284
7363
3700
2690
7977
9967
4025
2671
2766
9846
1808
2824
6331
3197
285
2200
1968
5977
8464
173
151
9332
5990
2652
7530
1688
4677
5217
2463
6328
6262
9747
3690
9962
3515
2745
1006
8620
6495
3772
8465
9383
7676
4795
3658
9040
8074
5627
6095
7617
6879
6246
6948
2868
9978
5556
5636
5733
772
9178
2060
8113
3
6829
8074
4597
652
158
3216
7148
5010
1681
7609
2685
7555
1266
2803
6708
6893
8899
4324
4851
5144
2350
7719
6200
7906
4433
1933
9757
4690
3993
7870
4693
1901
7022
9290
2553
7181
2506
9701
3269
5266
7309
5954
3899
9655
9836
606
6547
8734
6009
2476
4957
9438
195
1156
8422
5707
3089
8179
396
8162
7127
5089
62
5227
5458
2615
3486
7964
3395
6755
4308
1782
3787
8207
1436
3623
9893
9063
2356
6980
1538
7313
6418
2812
9549
4839
8520
2637
4096
9995
1877
2301
6163
1939
7529
1620
5634
1014
662
9029
7770
4970
1889
2635
4255
3326
6258
4147
2388
8615
1127
5005
7006
7545
7818
6554
3462
7416
270
8638
7410
2147
938
4651
5166
8467
7350
1878
560
8012
1985
8330
4060
3874
964
8316
7200
8302
2462
666
7995
4668
5672
5000
2212
3489
2633
6754
1983
3982
5391
471
7208
6329
5123
3452
5875
2472
5330
6435
1563
7315
5843
5623
1189
7886
5017
9468
6187
8559
134
4181
3226
6885
260
6518
1452
3972
3271
3435
7954
9741
3906
5161
6069
9029
9693
1943
2580
5022
8378
4143
3416
5299
844
4605
3185
6941
5151
9372
5499
6364
4632
8725
3248
4892
6321
4700
8864
9592
8135
6817
9332
2041
3056
6480
2148
2748
9502
4728
8850
8959
9950
2265
4257
1873
6870
7442
8814
3099
6814
4312
9464
2524
4115
2711
7416
436
7412
6279
1106
6625
4174
438
9745
8309
7997
1893
2136
7498
7700
985
6456
8729
3250
713
601
1198
8155
493
4297
6047
4805
3760
8571
9999
6472
7065
434
4962
4422
1541
2665
8596
3058
2410
7984
1054
5382
119
9631
4160
1104
6087
2888
4354
7879
4568
5552
7112
5061
927
3159
944
4688
2808
943
2238
9874
1377
8279
5374
3997
2022
3970
7055
4432
3032
9188
892
3151
8819
5053
4255
5984
9020
9688
3862
4667
6318
973
9728
7245
5211
672
3011
9099
1615
6328
50
4071
5685
5424
8069
7708
472
6202
3218
3504
5390
4111
7734
5287
242
3067
1270
340
2754
6211
5007
150
8263
4735
8475
3474
6486
2564
3651
8101
8893
3701
2171
4577
203
1318
3363
676
7521
6582
5259
2910
692
2993
9276
2013
6060
1624
2353
9894
7835
8440
43
6097
4253
9597
649
738
2161
5379
8839
2132
158
2088
6709
362
3407
72
1038
927
6654
7376
4916
8425
368
4191
1516
6429
5815
4948
7401
4728
3387
7444
1903
7640
8120
3632
8378
280
9011
8295
2412
9170
383
199
610
4869
1350
2727
5796
9083
102
711
8586
1550
5981
101
9058
2874
6129
6458
7602
9516
4980
583
8235
3099
4215
7691
4458
4305
7065
6870
4553
7448
8149
5163
2316
9499
8969
9191
9661
9071
980
8246
620
8040
9427
9678
913
5555
6135
9594
6149
2194
176
4383
5293
5471
3153
9752
854
217
7700
6486
7665
5848
1648
1059
6426
1695
1328
6086
765
3387
5410
2465
1426
4836
2142
2339
390
9357
3011
6540
2629
3187
2001
7922
9737
5154
8752
1669
5371
7531
8155
4114
4457
881
6252
882
2576
7580
8047
3342
966
4536
5807
2392
9372
9028
5810
841
9463
8821
7381
2091
3087
9382
1092
3902
5615
922
5572
985
8453
3726
5100
2910
4608
2430
4871
8263
10
3997
1604
2055
8533
8490
5527
8983
8597
2415
9824
9138
1236
8283
2308
5402
7665
4479
9304
4358
5401
5954
5343
3854
759
1521
7843
6446
3952
3792
4708
5041
7789
7392
8175
6321
5881
4780
6383
5556
7196
6206
5773
9511
4489
8081
4912
3232
2559
5294
7590
9039
2327
4011
2892
3086
6612
1813
610
563
5606
5318
6683
3394
2709
5936
794
9670
716
7177
6304
8991
4461
2076
8501
8950
1235
4491
2181
3794
863
849
3912
3190
4861
6804
7355
1472
9697
7965
3114
5302
3283
875
9775
7071
6811
1647
6740
8606
9903
3044
7596
4364
6199
6096
4392
7435
586
7653
2307
2529
8502
6219
5719
4441
4102
3074
6992
3798
1038
105
178
5400
2059
1031
2471
9950
2679
289
8555
3660
4412
6151
9103
611
3325
3495
9125
4991
2226
1431
7520
727
8730
3238
6248
3910
7391
3239
7708
9509
4424
8965
4908
6483
1074
8458
6432
3753
8748
6066
8493
3159
3295
7595
4849
6620
